# TIME(ps) TEMP(K)
0.000 0.00
0.500 41.84
1.000 32.45
1.500 21.38
2.000 16.50
2.500 16.73
3.000 17.09
3.500 20.18
4.000 20.87
4.500 23.73
5.000 27.88
5.500 31.04
6.000 34.51
6.500 36.86
7.000 39.72
7.500 43.18
8.000 44.50
8.500 49.34
9.000 51.09
9.500 52.15
10.000 58.28
10.500 60.78
11.000 61.48
11.500 67.63
12.000 71.26
12.500 73.40
13.000 76.48
13.500 78.32
14.000 84.04
14.500 84.93
15.000 86.23
15.500 84.26
16.000 96.45
16.500 96.41
17.000 98.75
17.500 104.18
18.000 105.34
18.500 109.71
19.000 120.11
19.500 113.68
20.000 124.30
20.500 124.66
21.000 121.69
21.500 127.02
22.000 125.39
22.500 127.18
23.000 135.50
23.500 146.23
24.000 135.37
24.500 146.09
25.000 140.30
25.500 151.88
26.000 155.47
26.500 157.52
27.000 168.02
27.500 163.10
28.000 157.64
28.500 162.47
29.000 171.18
29.500 163.80
30.000 172.81
30.500 173.96
31.000 183.42
31.500 182.94
32.000 183.79
32.500 189.24
33.000 185.39
33.500 193.22
34.000 197.90
34.500 200.77
35.000 212.70
35.500 213.81
36.000 207.60
36.500 229.22
37.000 221.18
37.500 220.16
38.000 234.48
38.500 220.34
39.000 226.39
39.500 228.32
40.000 230.91
40.500 235.26
41.000 241.55
41.500 229.78
42.000 234.89
42.500 254.38
43.000 260.89
43.500 261.39
44.000 248.99
44.500 261.90
45.000 253.73
45.500 276.07
46.000 272.18
46.500 258.97
47.000 282.82
47.500 278.76
48.000 280.78
48.500 285.28
49.000 299.65
49.500 269.02
50.000 287.99
50.500 289.30
51.000 285.56
51.500 298.45
52.000 315.36
52.500 310.21
53.000 306.75
53.500 294.90
54.000 296.96
54.500 282.63
55.000 297.00
55.500 301.38
56.000 313.95
56.500 289.43
57.000 313.46
57.500 297.90
58.000 307.65
58.500 301.98
59.000 289.58
59.500 286.50
60.000 287.54
60.500 284.00
61.000 288.48
61.500 293.01
62.000 297.97
62.500 288.48
63.000 306.94
63.500 304.40
64.000 306.49
64.500 298.59
65.000 288.69
65.500 295.01
66.000 302.21
66.500 299.72
67.000 306.60
67.500 289.08
68.000 299.45
68.500 281.04
69.000 315.48
69.500 285.55
70.000 304.75
70.500 319.30
71.000 295.24
71.500 289.19
72.000 304.97
72.500 294.36
73.000 296.43
73.500 292.47
74.000 295.27
74.500 310.60
75.000 306.04
75.500 317.46
76.000 303.28
76.500 302.03
77.000 296.00
77.500 301.52
78.000 299.21
78.500 303.05
79.000 299.53
79.500 299.07
80.000 299.58
80.500 311.40
81.000 298.26
81.500 298.32
82.000 280.02
82.500 291.49
83.000 290.94
83.500 302.28
84.000 293.41
84.500 285.75
85.000 305.11
85.500 289.01
86.000 290.64
86.500 304.35
87.000 305.80
87.500 308.62
88.000 301.22
88.500 298.27
89.000 292.07
89.500 298.84
90.000 302.73
90.500 293.96
91.000 316.55
91.500 311.81
92.000 310.82
92.500 301.35
93.000 310.80
93.500 294.67
94.000 287.55
94.500 294.07
95.000 302.35
95.500 306.52
96.000 307.12
96.500 305.96
97.000 316.65
97.500 310.36
98.000 310.49
98.500 320.45
99.000 329.98
99.500 297.83
100.000 290.46
100.500 298.87
101.000 305.61
101.500 293.44
102.000 292.55
102.500 306.82
103.000 309.93
103.500 282.52
104.000 294.06
104.500 295.30
105.000 308.27
105.500 285.87
106.000 289.14
106.500 302.95
107.000 289.47
107.500 285.45
108.000 293.26
108.500 305.19
109.000 284.24
109.500 315.11
110.000 292.52
110.500 297.15
111.000 305.53
111.500 328.68
112.000 285.97
112.500 302.63
113.000 289.08
113.500 290.06
114.000 307.77
114.500 301.77
115.000 301.21
115.500 293.50
116.000 301.82
116.500 292.79
117.000 303.55
117.500 299.20
118.000 292.17
118.500 295.78
119.000 293.03
119.500 284.60
120.000 291.91
120.500 305.51
121.000 303.06
121.500 303.50
122.000 298.61
122.500 293.05
123.000 308.16
123.500 312.00
124.000 300.23
124.500 309.51
125.000 308.56
125.500 317.55
126.000 308.51
126.500 297.57
127.000 293.70
127.500 301.48
128.000 292.90
128.500 307.56
129.000 290.67
129.500 278.28
130.000 295.89
130.500 287.75
131.000 279.25
131.500 293.65
132.000 289.72
132.500 308.12
133.000 304.41
133.500 300.30
134.000 306.03
134.500 319.25
135.000 306.30
135.500 310.89
136.000 312.34
136.500 303.56
137.000 300.40
137.500 301.34
138.000 297.29
138.500 297.13
139.000 317.56
139.500 289.76
140.000 307.08
140.500 293.62
141.000 297.71
141.500 294.93
142.000 309.03
142.500 312.10
143.000 288.82
143.500 302.31
144.000 284.36
144.500 303.67
145.000 290.23
145.500 307.87
146.000 304.15
146.500 309.58
147.000 320.24
147.500 295.14
148.000 308.47
148.500 321.83
149.000 302.29
149.500 320.00
150.000 295.79
150.500 304.92
151.000 298.61
151.500 305.26
152.000 295.54
152.500 304.95
153.000 311.04
153.500 301.85
154.000 294.19
154.500 305.93
155.000 287.31
155.500 309.46
156.000 290.47
156.500 308.60
157.000 296.27
157.500 297.38
158.000 285.73
158.500 296.39
159.000 308.17
159.500 281.90
160.000 299.42
160.500 301.89
161.000 310.70
161.500 285.28
162.000 307.08
162.500 296.62
163.000 296.69
163.500 303.67
164.000 302.79
164.500 295.09
165.000 298.65
165.500 301.16
166.000 294.39
166.500 312.51
167.000 306.18
167.500 299.49
168.000 300.48
168.500 292.46
169.000 306.71
169.500 289.05
170.000 304.12
170.500 288.79
171.000 299.34
171.500 291.13
172.000 314.90
172.500 304.82
173.000 294.15
173.500 292.11
174.000 301.69
174.500 311.71
175.000 296.47
175.500 288.33
176.000 295.61
176.500 292.30
177.000 290.15
177.500 314.26
178.000 281.70
178.500 297.90
179.000 302.08
179.500 288.98
180.000 304.18
180.500 303.26
181.000 298.06
181.500 309.26
182.000 312.62
182.500 324.04
183.000 315.27
183.500 288.72
184.000 296.13
184.500 306.61
185.000 287.05
185.500 290.42
186.000 296.87
186.500 290.40
187.000 323.71
187.500 306.82
188.000 298.35
188.500 291.93
189.000 289.50
189.500 295.16
190.000 288.30
190.500 288.02
191.000 291.09
191.500 300.25
192.000 297.90
192.500 290.32
193.000 304.62
193.500 294.77
194.000 292.51
194.500 304.50
195.000 311.08
195.500 309.05
196.000 300.85
196.500 311.47
197.000 298.07
197.500 298.82
198.000 310.89
198.500 298.91
199.000 295.63
199.500 299.18
200.000 294.07
200.500 302.21
201.000 310.39
201.500 297.74
202.000 302.61
202.500 288.36
203.000 296.85
203.500 293.47
204.000 307.14
204.500 288.47
205.000 294.31
205.500 296.24
206.000 301.75
206.500 297.50
207.000 307.67
207.500 317.43
208.000 308.72
208.500 298.49
209.000 308.51
209.500 294.56
210.000 309.82
210.500 326.18
211.000 310.11
211.500 315.95
212.000 309.09
212.500 314.16
213.000 294.69
213.500 308.68
214.000 296.29
214.500 298.76
215.000 306.06
215.500 297.83
216.000 291.96
216.500 295.59
217.000 282.19
217.500 282.98
218.000 304.13
218.500 305.04
219.000 307.02
219.500 296.38
220.000 295.92
220.500 305.21
221.000 290.69
221.500 312.60
222.000 307.19
222.500 300.01
223.000 307.61
223.500 288.83
224.000 318.36
224.500 318.09
225.000 294.75
225.500 289.21
226.000 283.70
226.500 292.83
227.000 298.93
227.500 310.96
228.000 293.67
228.500 309.86
229.000 299.08
229.500 302.40
230.000 305.71
230.500 287.28
231.000 297.30
231.500 304.70
232.000 287.24
232.500 288.33
233.000 296.48
233.500 285.03
234.000 304.23
234.500 295.32
235.000 290.56
235.500 307.44
236.000 305.70
236.500 309.06
237.000 295.92
237.500 308.06
238.000 307.99
238.500 298.82
239.000 284.06
239.500 297.52
240.000 306.07
240.500 307.13
241.000 299.42
241.500 302.94
242.000 298.66
242.500 290.13
243.000 305.73
243.500 294.29
244.000 308.45
244.500 302.41
245.000 309.35
245.500 297.58
246.000 309.36
246.500 320.75
247.000 313.57
247.500 328.08
248.000 323.00
248.500 289.68
249.000 305.09
249.500 316.81
250.000 314.19
