# TIME(ps) TEMP(K)
0.000 0.00
0.500 38.49
1.000 28.11
1.500 16.23
2.000 13.37
2.500 14.93
3.000 15.96
3.500 19.77
4.000 27.63
4.500 25.78
5.000 28.45
5.500 34.78
6.000 33.68
6.500 38.20
7.000 43.76
7.500 40.52
8.000 42.31
8.500 57.93
9.000 65.41
9.500 65.64
10.000 64.06
10.500 63.72
11.000 65.76
11.500 68.34
12.000 69.48
12.500 71.70
13.000 77.05
13.500 79.43
14.000 92.48
14.500 82.10
15.000 83.34
15.500 91.29
16.000 106.30
16.500 96.30
17.000 102.37
17.500 105.75
18.000 106.92
18.500 106.61
19.000 107.81
19.500 116.26
20.000 120.47
20.500 127.70
21.000 133.58
21.500 138.48
22.000 134.51
22.500 153.09
23.000 153.16
23.500 151.11
24.000 138.50
24.500 139.37
25.000 147.00
25.500 139.71
26.000 167.21
26.500 169.47
27.000 158.59
27.500 180.44
28.000 165.02
28.500 167.41
29.000 167.31
29.500 168.80
30.000 176.85
30.500 165.17
31.000 187.14
31.500 198.40
32.000 174.40
32.500 193.11
33.000 192.08
33.500 196.76
34.000 218.60
34.500 207.47
35.000 233.04
35.500 228.36
36.000 218.97
36.500 213.79
37.000 204.38
37.500 221.08
38.000 212.96
38.500 243.77
39.000 243.00
39.500 231.73
40.000 267.95
40.500 243.92
41.000 247.17
41.500 222.09
42.000 253.41
42.500 251.06
43.000 247.27
43.500 240.65
44.000 264.24
44.500 275.81
45.000 272.31
45.500 294.14
46.000 272.05
46.500 272.12
47.000 306.51
47.500 269.88
48.000 297.34
48.500 313.90
49.000 314.63
49.500 293.66
50.000 296.62
50.500 301.21
51.000 305.95
51.500 290.91
52.000 291.32
52.500 287.76
53.000 310.28
53.500 294.96
54.000 306.86
54.500 291.49
55.000 287.94
55.500 308.12
56.000 307.58
56.500 287.27
57.000 278.08
57.500 327.17
58.000 329.25
58.500 303.25
59.000 323.54
59.500 339.86
60.000 284.60
60.500 305.47
61.000 322.60
61.500 284.51
62.000 334.77
62.500 269.75
63.000 303.62
63.500 263.68
64.000 294.15
64.500 298.07
65.000 312.81
65.500 267.75
66.000 279.54
66.500 314.61
67.000 299.89
67.500 287.06
68.000 310.41
68.500 303.05
69.000 290.39
69.500 266.56
70.000 301.10
70.500 293.78
71.000 281.79
71.500 292.19
72.000 301.28
72.500 279.04
73.000 304.98
73.500 275.08
74.000 277.94
74.500 266.46
75.000 327.69
75.500 313.29
76.000 321.81
76.500 324.34
77.000 299.97
77.500 277.05
78.000 291.62
78.500 316.15
79.000 321.21
79.500 327.72
80.000 298.26
80.500 325.22
81.000 261.74
81.500 316.67
82.000 277.64
82.500 305.78
83.000 304.10
83.500 292.74
84.000 309.97
84.500 330.44
85.000 310.60
85.500 316.53
86.000 300.17
86.500 274.40
87.000 281.16
87.500 270.12
88.000 287.74
88.500 330.62
89.000 298.80
89.500 334.65
90.000 312.31
90.500 289.03
91.000 278.65
91.500 344.91
92.000 308.69
92.500 291.46
93.000 293.17
93.500 304.15
94.000 284.58
94.500 312.79
95.000 315.16
95.500 282.32
96.000 303.92
96.500 321.91
97.000 335.02
97.500 299.48
98.000 305.91
98.500 326.03
99.000 312.93
99.500 306.18
100.000 288.82
100.500 278.05
101.000 299.57
101.500 303.39
102.000 330.06
102.500 311.41
103.000 310.17
103.500 273.44
104.000 336.45
104.500 331.08
105.000 274.53
105.500 305.17
106.000 345.56
106.500 320.08
107.000 299.29
107.500 291.81
108.000 318.82
108.500 347.43
109.000 285.28
109.500 289.54
110.000 329.00
110.500 307.77
111.000 281.71
111.500 294.88
112.000 295.39
112.500 300.88
113.000 314.46
113.500 322.73
114.000 292.57
114.500 320.38
115.000 287.31
115.500 318.75
116.000 311.14
116.500 315.92
117.000 311.56
117.500 294.14
118.000 317.33
118.500 305.60
119.000 307.10
119.500 314.72
120.000 297.05
120.500 298.81
121.000 322.52
121.500 324.74
122.000 300.39
122.500 295.68
123.000 287.92
123.500 278.62
124.000 274.66
124.500 305.34
125.000 282.74
125.500 290.43
126.000 316.33
126.500 320.73
127.000 333.38
127.500 308.08
128.000 306.64
128.500 296.49
129.000 323.16
129.500 302.61
130.000 298.70
130.500 303.52
131.000 287.79
131.500 274.78
132.000 319.91
132.500 268.32
133.000 306.40
133.500 300.98
134.000 307.99
134.500 279.47
135.000 308.30
135.500 284.63
136.000 273.55
136.500 298.60
137.000 291.90
137.500 293.56
138.000 278.77
138.500 327.40
139.000 293.96
139.500 271.38
140.000 299.50
140.500 299.09
141.000 299.72
141.500 296.96
142.000 291.17
142.500 285.10
143.000 297.73
143.500 310.74
144.000 289.09
144.500 320.48
145.000 289.69
145.500 348.26
146.000 301.62
146.500 325.64
147.000 299.55
147.500 307.89
148.000 271.05
148.500 304.49
149.000 313.75
149.500 314.22
150.000 311.67
150.500 292.65
151.000 297.73
151.500 321.92
152.000 283.72
152.500 287.79
153.000 299.11
153.500 292.86
154.000 296.08
154.500 301.30
155.000 262.52
155.500 290.19
156.000 301.83
156.500 295.98
157.000 275.88
157.500 287.68
158.000 299.44
158.500 317.09
159.000 294.23
159.500 289.44
160.000 305.24
160.500 309.73
161.000 308.53
161.500 300.84
162.000 272.69
162.500 296.45
163.000 332.93
163.500 292.69
164.000 271.96
164.500 300.50
165.000 276.01
165.500 271.08
166.000 263.96
166.500 275.05
167.000 326.20
167.500 301.27
168.000 339.00
168.500 329.96
169.000 281.17
169.500 295.94
170.000 279.30
170.500 338.79
171.000 284.65
171.500 306.96
172.000 273.95
172.500 302.28
173.000 344.94
173.500 312.15
174.000 281.40
174.500 306.33
175.000 312.39
175.500 307.57
176.000 308.08
176.500 316.74
177.000 336.49
177.500 303.91
178.000 316.76
178.500 294.90
179.000 305.17
179.500 295.60
180.000 289.20
180.500 283.30
181.000 292.45
181.500 292.06
182.000 306.83
182.500 301.43
183.000 325.08
183.500 316.23
184.000 281.15
184.500 305.07
185.000 317.42
185.500 308.01
186.000 280.84
186.500 286.80
187.000 298.07
187.500 280.61
188.000 328.43
188.500 269.52
189.000 295.92
189.500 298.14
190.000 280.15
190.500 280.09
191.000 327.45
191.500 300.22
192.000 269.97
192.500 310.16
193.000 349.72
193.500 286.00
194.000 283.95
194.500 316.34
195.000 301.88
195.500 304.48
196.000 316.51
196.500 309.05
197.000 268.04
197.500 257.52
198.000 249.03
198.500 310.68
199.000 313.36
199.500 297.69
200.000 264.47
200.500 287.50
201.000 329.77
201.500 316.14
202.000 315.69
202.500 308.73
203.000 297.62
203.500 295.54
204.000 279.07
204.500 312.49
205.000 291.64
205.500 327.68
206.000 301.37
206.500 299.11
207.000 261.59
207.500 270.81
208.000 306.14
208.500 334.72
209.000 308.15
209.500 323.93
210.000 285.19
210.500 288.98
211.000 298.89
211.500 346.75
212.000 320.01
212.500 302.65
213.000 296.50
213.500 313.53
214.000 307.01
214.500 289.58
215.000 289.45
215.500 293.25
216.000 292.02
216.500 341.33
217.000 278.13
217.500 290.62
218.000 307.37
218.500 357.18
219.000 316.74
219.500 276.55
220.000 294.94
220.500 288.14
221.000 299.35
221.500 302.73
222.000 280.46
222.500 304.07
223.000 311.65
223.500 295.29
224.000 295.06
224.500 350.46
225.000 322.34
225.500 287.49
226.000 284.00
226.500 302.02
227.000 311.78
227.500 298.21
228.000 308.49
228.500 299.71
229.000 298.47
229.500 289.85
230.000 314.57
230.500 308.31
231.000 271.93
231.500 311.87
232.000 303.87
232.500 271.07
233.000 307.48
233.500 267.47
234.000 302.22
234.500 278.83
235.000 292.43
235.500 301.17
236.000 294.40
236.500 299.73
237.000 293.56
237.500 300.68
238.000 301.35
238.500 315.39
239.000 304.07
239.500 317.60
240.000 304.88
240.500 291.01
241.000 282.95
241.500 306.81
242.000 293.22
242.500 324.28
243.000 284.06
243.500 284.98
244.000 318.96
244.500 277.23
245.000 306.63
245.500 274.87
246.000 277.95
246.500 302.89
247.000 301.00
247.500 310.25
248.000 287.92
248.500 295.47
249.000 296.55
249.500 305.18
250.000 329.27
