# TIME(ps) DENSITY(g/cm^3)
150.500 0.4401
151.000 0.4395
151.500 0.4404
152.000 0.4430
152.500 0.4461
153.000 0.4477
153.500 0.4485
154.000 0.4477
154.500 0.4486
155.000 0.4509
155.500 0.4521
156.000 0.4544
156.500 0.4561
157.000 0.4579
157.500 0.4605
158.000 0.4632
158.500 0.4671
159.000 0.4697
159.500 0.4721
160.000 0.4739
160.500 0.4761
161.000 0.4795
161.500 0.4801
162.000 0.4812
162.500 0.4816
163.000 0.4832
163.500 0.4852
164.000 0.4881
164.500 0.4883
165.000 0.4906
165.500 0.4954
166.000 0.4974
166.500 0.4994
167.000 0.5021
167.500 0.5036
168.000 0.5074
168.500 0.5119
169.000 0.5148
169.500 0.5181
170.000 0.5196
170.500 0.5222
171.000 0.5248
171.500 0.5269
172.000 0.5316
172.500 0.5382
173.000 0.5434
173.500 0.5479
174.000 0.5518
174.500 0.5568
175.000 0.5633
175.500 0.5729
176.000 0.5784
176.500 0.5827
177.000 0.5874
177.500 0.5931
178.000 0.5998
178.500 0.6055
179.000 0.6104
179.500 0.6175
180.000 0.6226
180.500 0.6254
181.000 0.6345
181.500 0.6455
182.000 0.6588
182.500 0.6695
183.000 0.6750
183.500 0.6825
184.000 0.6958
184.500 0.7092
185.000 0.7155
185.500 0.7271
186.000 0.7367
186.500 0.7535
187.000 0.7697
187.500 0.7846
188.000 0.8004
188.500 0.8170
189.000 0.8349
189.500 0.8477
190.000 0.8699
190.500 0.8943
191.000 0.9062
191.500 0.9263
192.000 0.9340
192.500 0.9534
193.000 0.9616
193.500 0.9702
194.000 0.9820
194.500 0.9855
195.000 0.9900
195.500 0.9963
196.000 0.9989
196.500 1.0016
197.000 1.0039
197.500 1.0001
198.000 0.9989
198.500 1.0068
199.000 1.0144
199.500 1.0235
200.000 1.0232
200.500 1.0187
201.000 1.0274
201.500 1.0213
202.000 1.0176
202.500 1.0104
203.000 1.0083
203.500 1.0030
204.000 1.0118
204.500 1.0141
205.000 1.0068
205.500 0.9989
206.000 1.0068
206.500 1.0138
207.000 1.0154
207.500 1.0167
208.000 1.0097
208.500 1.0098
209.000 1.0057
209.500 1.0110
210.000 1.0149
210.500 1.0188
211.000 1.0270
211.500 1.0255
212.000 1.0302
212.500 1.0253
213.000 1.0281
213.500 1.0269
214.000 1.0375
214.500 1.0401
215.000 1.0252
215.500 1.0306
216.000 1.0306
216.500 1.0309
217.000 1.0342
217.500 1.0494
218.000 1.0514
218.500 1.0416
219.000 1.0429
219.500 1.0423
220.000 1.0406
220.500 1.0412
221.000 1.0419
221.500 1.0436
222.000 1.0423
222.500 1.0420
223.000 1.0294
223.500 1.0194
224.000 1.0073
224.500 0.9968
225.000 0.9956
225.500 0.9990
226.000 0.9971
226.500 0.9944
227.000 0.9948
227.500 0.9891
228.000 0.9899
228.500 0.9867
229.000 0.9871
229.500 0.9903
230.000 0.9991
230.500 0.9968
231.000 1.0054
231.500 1.0055
232.000 1.0058
232.500 1.0014
233.000 1.0068
233.500 1.0133
234.000 1.0174
234.500 1.0257
235.000 1.0185
235.500 1.0159
236.000 1.0246
236.500 1.0320
237.000 1.0365
237.500 1.0428
238.000 1.0372
238.500 1.0492
239.000 1.0491
239.500 1.0452
240.000 1.0328
240.500 1.0255
241.000 1.0264
241.500 1.0282
242.000 1.0284
242.500 1.0241
243.000 1.0345
243.500 1.0485
244.000 1.0444
244.500 1.0352
245.000 1.0298
245.500 1.0292
246.000 1.0234
246.500 1.0177
247.000 1.0158
247.500 1.0167
248.000 1.0246
248.500 1.0253
249.000 1.0175
249.500 1.0196
250.000 1.0175
