# TIME(ps) TEMP(K)
0.000 0.00
0.500 30.31
1.000 24.48
1.500 20.19
2.000 17.52
2.500 18.32
3.000 19.37
3.500 20.27
4.000 23.19
4.500 24.83
5.000 27.15
5.500 31.30
6.000 34.86
6.500 35.64
7.000 41.33
7.500 43.86
8.000 45.45
8.500 49.57
9.000 52.83
9.500 54.89
10.000 56.35
10.500 58.52
11.000 62.48
11.500 62.80
12.000 66.23
12.500 71.30
13.000 73.36
13.500 74.25
14.000 78.65
14.500 81.34
15.000 86.73
15.500 92.79
16.000 93.45
16.500 94.47
17.000 95.76
17.500 105.01
18.000 106.59
18.500 107.40
19.000 115.28
19.500 117.96
20.000 117.99
20.500 123.69
21.000 127.30
21.500 131.39
22.000 133.83
22.500 135.85
23.000 131.67
23.500 137.23
24.000 135.51
24.500 141.43
25.000 147.10
25.500 147.13
26.000 156.88
26.500 155.33
27.000 160.40
27.500 157.57
28.000 168.19
28.500 169.71
29.000 167.02
29.500 164.69
30.000 174.71
30.500 178.62
31.000 176.08
31.500 187.48
32.000 190.75
32.500 197.04
33.000 195.05
33.500 188.88
34.000 196.30
34.500 209.95
35.000 207.15
35.500 213.15
36.000 206.67
36.500 209.23
37.000 216.07
37.500 211.80
38.000 216.32
38.500 220.17
39.000 230.07
39.500 233.59
40.000 232.09
40.500 226.96
41.000 245.21
41.500 253.57
42.000 253.15
42.500 241.57
43.000 249.07
43.500 253.69
44.000 288.27
44.500 271.70
45.000 267.62
45.500 260.40
46.000 265.62
46.500 277.36
47.000 287.80
47.500 274.96
48.000 286.54
48.500 288.71
49.000 290.74
49.500 298.04
50.000 294.31
50.500 283.37
51.000 298.97
51.500 290.66
52.000 312.09
52.500 296.96
53.000 290.01
53.500 277.76
54.000 272.77
54.500 285.37
55.000 294.56
55.500 297.38
56.000 302.02
56.500 285.19
57.000 308.67
57.500 317.00
58.000 300.02
58.500 313.62
59.000 277.05
59.500 294.67
60.000 291.95
60.500 294.44
61.000 304.52
61.500 298.06
62.000 295.22
62.500 300.45
63.000 300.32
63.500 313.22
64.000 301.39
64.500 300.09
65.000 292.59
65.500 299.81
66.000 301.02
66.500 287.14
67.000 297.97
67.500 305.64
68.000 299.21
68.500 305.47
69.000 301.07
69.500 294.25
70.000 307.99
70.500 298.85
71.000 304.41
71.500 307.43
72.000 298.22
72.500 298.91
73.000 291.37
73.500 316.28
74.000 301.36
74.500 292.37
75.000 291.08
75.500 285.02
76.000 304.91
76.500 298.18
77.000 303.95
77.500 291.41
78.000 307.22
78.500 297.74
79.000 307.21
79.500 295.63
80.000 303.46
80.500 304.01
81.000 312.79
81.500 302.65
82.000 296.21
82.500 298.78
83.000 299.06
83.500 307.23
84.000 308.13
84.500 300.25
85.000 301.15
85.500 306.81
86.000 291.51
86.500 308.98
87.000 303.52
87.500 302.69
88.000 311.48
88.500 293.50
89.000 308.75
89.500 287.78
90.000 287.08
90.500 303.70
91.000 307.60
91.500 312.54
92.000 300.63
92.500 300.25
93.000 302.07
93.500 301.71
94.000 302.70
94.500 305.88
95.000 293.91
95.500 288.34
96.000 306.95
96.500 306.60
97.000 289.77
97.500 300.90
98.000 320.19
98.500 292.91
99.000 305.70
99.500 315.27
100.000 299.23
100.500 300.56
101.000 310.35
101.500 313.79
102.000 298.80
102.500 302.85
103.000 302.22
103.500 296.55
104.000 310.47
104.500 312.49
105.000 302.70
105.500 301.27
106.000 289.93
106.500 307.20
107.000 301.77
107.500 298.06
108.000 301.13
108.500 292.57
109.000 295.64
109.500 302.62
110.000 311.70
110.500 295.57
111.000 305.17
111.500 298.87
112.000 306.56
112.500 288.93
113.000 296.89
113.500 315.78
114.000 301.25
114.500 310.48
115.000 296.31
115.500 302.20
116.000 301.36
116.500 307.63
117.000 301.82
117.500 294.07
118.000 302.95
118.500 304.95
119.000 291.84
119.500 301.08
120.000 315.90
120.500 305.21
121.000 281.85
121.500 283.98
122.000 292.32
122.500 297.70
123.000 312.45
123.500 294.27
124.000 288.47
124.500 299.29
125.000 288.31
125.500 290.34
126.000 296.87
126.500 300.38
127.000 307.66
127.500 295.10
128.000 304.30
128.500 292.52
129.000 312.60
129.500 293.64
130.000 289.45
130.500 285.18
131.000 307.85
131.500 307.56
132.000 293.67
132.500 308.00
133.000 294.44
133.500 306.23
134.000 297.14
134.500 274.06
135.000 304.15
135.500 291.15
136.000 306.57
136.500 294.72
137.000 311.70
137.500 285.67
138.000 307.06
138.500 298.27
139.000 292.22
139.500 298.11
140.000 286.58
140.500 303.62
141.000 301.55
141.500 300.77
142.000 307.23
142.500 304.52
143.000 291.35
143.500 310.78
144.000 306.04
144.500 308.97
145.000 294.72
145.500 302.46
146.000 289.03
146.500 289.74
147.000 303.79
147.500 290.50
148.000 305.55
148.500 320.09
149.000 308.32
149.500 288.23
150.000 297.55
150.500 296.69
151.000 295.21
151.500 294.64
152.000 298.61
152.500 287.71
153.000 290.41
153.500 291.31
154.000 290.24
154.500 305.23
155.000 303.87
155.500 299.68
156.000 299.42
156.500 301.42
157.000 281.47
157.500 303.31
158.000 292.56
158.500 309.51
159.000 299.91
159.500 303.26
160.000 306.43
160.500 303.58
161.000 300.09
161.500 292.54
162.000 299.57
162.500 298.07
163.000 310.65
163.500 298.75
164.000 300.13
164.500 301.63
165.000 291.61
165.500 308.05
166.000 309.09
166.500 288.99
167.000 306.85
167.500 290.44
168.000 300.03
168.500 299.59
169.000 300.02
169.500 297.33
170.000 278.67
170.500 316.65
171.000 308.81
171.500 302.34
172.000 289.73
172.500 287.85
173.000 304.98
173.500 296.38
174.000 312.18
174.500 288.54
175.000 299.80
175.500 291.44
176.000 308.08
176.500 299.60
177.000 294.31
177.500 297.96
178.000 289.97
178.500 321.56
179.000 296.69
179.500 296.60
180.000 290.00
180.500 299.70
181.000 312.20
181.500 300.37
182.000 301.53
182.500 304.72
183.000 300.45
183.500 295.19
184.000 323.99
184.500 309.70
185.000 297.74
185.500 292.00
186.000 307.73
186.500 304.47
187.000 299.93
187.500 306.59
188.000 303.75
188.500 285.47
189.000 287.90
189.500 312.33
190.000 298.70
190.500 293.73
191.000 300.27
191.500 296.28
192.000 298.95
192.500 293.04
193.000 304.22
193.500 304.43
194.000 310.22
194.500 308.60
195.000 296.94
195.500 298.52
196.000 297.86
196.500 298.28
197.000 293.71
197.500 306.78
198.000 302.01
198.500 288.32
199.000 288.18
199.500 296.43
200.000 302.63
200.500 301.35
201.000 304.78
201.500 314.24
202.000 307.94
202.500 302.21
203.000 297.92
203.500 298.68
204.000 311.64
204.500 296.52
205.000 298.83
205.500 300.30
206.000 306.45
206.500 306.23
207.000 287.38
207.500 297.10
208.000 285.94
208.500 299.61
209.000 300.71
209.500 296.98
210.000 309.35
210.500 289.79
211.000 300.26
211.500 295.55
212.000 288.19
212.500 286.36
213.000 301.28
213.500 299.06
214.000 298.12
214.500 297.02
215.000 305.78
215.500 286.44
216.000 306.78
216.500 313.86
217.000 317.87
217.500 309.59
218.000 290.12
218.500 289.04
219.000 303.42
219.500 286.04
220.000 294.85
220.500 305.46
221.000 312.09
221.500 298.92
222.000 294.06
222.500 289.85
223.000 304.85
223.500 298.76
224.000 289.25
224.500 310.77
225.000 308.71
225.500 313.77
226.000 306.24
226.500 298.79
227.000 309.53
227.500 282.29
228.000 292.90
228.500 292.63
229.000 306.75
229.500 302.97
230.000 315.13
230.500 296.09
231.000 309.31
231.500 302.74
232.000 310.65
232.500 293.86
233.000 289.53
233.500 295.99
234.000 290.16
234.500 295.36
235.000 291.10
235.500 306.64
236.000 291.79
236.500 297.26
237.000 303.67
237.500 307.97
238.000 295.08
238.500 306.68
239.000 307.62
239.500 306.29
240.000 290.94
240.500 304.51
241.000 300.71
241.500 298.09
242.000 313.77
242.500 289.88
243.000 298.54
243.500 304.13
244.000 314.76
244.500 301.93
245.000 299.13
245.500 306.94
246.000 304.98
246.500 303.10
247.000 307.14
247.500 284.86
248.000 314.21
248.500 292.43
249.000 301.83
249.500 302.93
250.000 295.31
