# TIME(ps) DENSITY(g/cm^3)
150.500 0.5428
151.000 0.5458
151.500 0.5499
152.000 0.5535
152.500 0.5576
153.000 0.5610
153.500 0.5651
154.000 0.5718
154.500 0.5763
155.000 0.5815
155.500 0.5854
156.000 0.5904
156.500 0.5967
157.000 0.6022
157.500 0.6083
158.000 0.6150
158.500 0.6233
159.000 0.6289
159.500 0.6356
160.000 0.6440
160.500 0.6502
161.000 0.6572
161.500 0.6626
162.000 0.6687
162.500 0.6770
163.000 0.6834
163.500 0.6928
164.000 0.7015
164.500 0.7113
165.000 0.7210
165.500 0.7292
166.000 0.7390
166.500 0.7494
167.000 0.7598
167.500 0.7690
168.000 0.7788
168.500 0.7880
169.000 0.7998
169.500 0.8115
170.000 0.8240
170.500 0.8387
171.000 0.8534
171.500 0.8700
172.000 0.8862
172.500 0.8992
173.000 0.9069
173.500 0.9177
174.000 0.9247
174.500 0.9336
175.000 0.9421
175.500 0.9464
176.000 0.9575
176.500 0.9634
177.000 0.9656
177.500 0.9733
178.000 0.9727
178.500 0.9756
179.000 0.9822
179.500 0.9871
180.000 0.9922
180.500 0.9958
181.000 0.9974
181.500 0.9974
182.000 1.0020
182.500 1.0092
183.000 1.0103
183.500 1.0101
184.000 1.0111
184.500 1.0145
185.000 1.0152
185.500 1.0127
186.000 1.0083
186.500 1.0118
187.000 1.0122
187.500 1.0071
188.000 1.0079
188.500 1.0083
189.000 1.0096
189.500 1.0122
190.000 1.0123
190.500 1.0136
191.000 1.0149
191.500 1.0087
192.000 1.0079
192.500 1.0059
193.000 1.0104
193.500 1.0115
194.000 1.0170
194.500 1.0182
195.000 1.0186
195.500 1.0176
196.000 1.0148
196.500 1.0110
197.000 1.0063
197.500 1.0120
198.000 1.0112
198.500 1.0087
199.000 1.0075
199.500 1.0088
200.000 1.0110
200.500 1.0175
201.000 1.0151
201.500 1.0121
202.000 1.0101
202.500 1.0136
203.000 1.0125
203.500 1.0152
204.000 1.0134
204.500 1.0126
205.000 1.0143
205.500 1.0140
206.000 1.0144
206.500 1.0155
207.000 1.0148
207.500 1.0133
208.000 1.0118
208.500 1.0179
209.000 1.0181
209.500 1.0173
210.000 1.0117
210.500 1.0132
211.000 1.0092
211.500 1.0093
212.000 1.0058
212.500 1.0053
213.000 1.0062
213.500 1.0081
214.000 1.0101
214.500 1.0124
215.000 1.0120
215.500 1.0153
216.000 1.0100
216.500 1.0091
217.000 1.0093
217.500 1.0067
218.000 1.0079
218.500 1.0053
219.000 1.0104
219.500 1.0117
220.000 1.0113
220.500 1.0111
221.000 1.0103
221.500 1.0133
222.000 1.0079
222.500 1.0059
223.000 1.0041
223.500 1.0008
224.000 1.0048
224.500 1.0051
225.000 1.0060
225.500 1.0088
226.000 1.0075
226.500 1.0120
227.000 1.0086
227.500 1.0024
228.000 1.0050
228.500 1.0027
229.000 1.0016
229.500 0.9994
230.000 1.0041
230.500 1.0020
231.000 1.0042
231.500 1.0028
232.000 1.0010
232.500 1.0012
233.000 0.9980
233.500 0.9960
234.000 0.9983
234.500 0.9979
235.000 0.9959
235.500 0.9946
236.000 0.9971
236.500 1.0007
237.000 0.9983
237.500 0.9996
238.000 1.0015
238.500 0.9992
239.000 0.9974
239.500 1.0003
240.000 1.0057
240.500 1.0088
241.000 1.0039
241.500 1.0053
242.000 1.0026
242.500 1.0002
243.000 1.0016
243.500 1.0093
244.000 1.0110
244.500 1.0154
245.000 1.0148
245.500 1.0140
246.000 1.0154
246.500 1.0141
247.000 1.0131
247.500 1.0107
248.000 1.0123
248.500 1.0097
249.000 1.0093
249.500 1.0104
250.000 1.0114
