# STEP_NO SUBSYSTEMS FINAL_ITERATIONS STEP_SECONDS
0 325 40 10.024000
1 323 27 6.792000
2 311 28 7.037000
3 313 29 7.257000
4 313 23 5.843000
5 314 24 6.151000
6 315 23 5.931000
7 314 26 6.632000
8 314 25 6.388000
9 313 25 6.442000
10 315 29 7.382000
11 315 33 8.378000
12 315 28 7.106000
13 315 26 6.618000
14 315 27 6.933000
15 314 29 7.424000
16 314 27 6.814000
17 315 26 6.524000
18 314 25 6.319000
19 313 26 6.606000
20 315 25 6.307000
21 318 28 6.926000
22 320 31 7.675000
23 320 29 7.214000
24 320 21 5.285000
25 319 26 6.526000
26 317 24 6.066000
27 318 24 6.053000
28 317 25 6.319000
29 317 25 6.350000
30 318 25 6.467000
31 318 24 6.192000
32 316 49 12.437000
33 315 25 6.395000
34 315 26 6.672000
35 318 27 6.696000
36 319 27 6.668000
37 319 28 6.891000
38 319 25 6.200000
39 320 26 6.357000
40 312 25 6.307000
41 311 27 6.833000
42 312 25 6.290000
43 310 25 6.326000
44 310 26 6.540000
45 309 25 6.354000
46 312 24 6.145000
47 312 23 5.925000
48 312 25 6.401000
49 311 27 6.907000
50 311 27 6.933000
51 312 26 6.687000
52 311 26 6.659000
53 311 24 6.153000
54 312 24 6.129000
55 312 23 5.885000
56 313 23 5.926000
57 315 24 6.107000
58 315 23 5.902000
59 315 23 5.866000
60 313 26 6.627000
61 314 24 6.119000
62 313 25 6.421000
63 315 22 5.635000
64 313 23 5.908000
65 312 22 5.680000
66 310 26 6.637000
67 305 28 7.036000
68 307 24 6.079000
69 307 26 6.552000
70 309 25 6.281000
71 308 24 6.032000
72 307 23 5.740000
73 307 23 5.749000
74 310 25 6.240000
75 308 23 5.751000
76 316 41 9.851000
77 316 28 6.818000
78 317 24 5.821000
79 318 25 6.033000
80 319 22 5.336000
81 320 23 5.575000
82 320 24 5.802000
83 318 22 5.374000
84 318 26 6.281000
85 319 23 5.585000
86 318 25 6.098000
87 318 26 6.322000
88 318 26 6.353000
89 317 24 5.914000
90 317 21 5.191000
91 317 22 5.456000
92 317 23 5.644000
93 318 24 5.838000
94 318 23 5.591000
95 318 21 5.126000
96 317 20 4.846000
97 322 24 6.102000
98 320 20 5.037000
99 320 24 6.044000
100 320 22 5.529000
101 321 22 5.554000
102 321 22 5.568000
103 318 27 6.761000
104 318 24 6.064000
105 319 23 5.792000
106 319 21 5.375000
107 321 22 5.626000
108 321 22 5.675000
109 322 22 5.667000
110 321 21 5.384000
111 320 22 5.641000
112 320 23 5.878000
113 320 20 5.128000
114 320 20 5.088000
115 321 17 4.364000
116 321 24 6.118000
117 319 26 6.540000
118 319 21 5.327000
119 316 21 5.374000
120 320 21 5.384000
121 321 18 4.688000
122 318 16 4.186000
123 319 14 3.667000
124 317 17 4.420000
125 318 21 5.373000
126 319 13 3.462000
127 323 22 5.650000
128 323 22 5.636000
129 321 23 5.872000
130 322 25 6.465000
131 322 19 4.958000
132 322 23 6.001000
133 322 24 6.174000
134 321 21 5.459000
135 320 21 5.439000
136 319 20 5.176000
137 314 23 5.868000
138 314 25 6.368000
139 314 17 4.448000
140 312 21 5.390000
141 312 23 5.882000
142 314 22 5.603000
143 314 22 5.577000
144 315 20 5.053000
145 315 21 5.360000
146 317 21 5.371000
147 317 14 3.641000
148 314 21 5.346000
149 313 19 4.930000
150 312 20 5.138000
151 312 21 5.382000
152 313 9 2.433000
153 313 14 3.644000
154 312 19 4.852000
155 313 19 4.830000
156 312 19 4.884000
157 311 19 4.818000
158 311 22 5.634000
159 311 23 5.790000
160 315 18 4.638000
161 316 19 4.886000
162 316 21 5.365000
163 320 24 5.943000
164 320 23 5.715000
165 320 22 5.461000
166 313 18 4.558000
167 312 17 4.324000
168 313 18 4.547000
169 314 18 4.517000
170 314 19 4.758000
171 314 18 4.511000
172 315 19 4.774000
173 313 18 4.587000
174 314 19 4.852000
175 315 19 4.811000
176 315 19 4.793000
177 315 19 4.816000
178 314 16 4.074000
179 315 20 5.082000
180 315 22 5.528000
181 314 21 5.294000
182 314 20 5.079000
183 313 20 5.074000
184 313 20 5.007000
185 313 20 5.019000
186 313 21 5.264000
187 313 21 5.246000
188 310 21 5.237000
189 309 21 5.278000
190 312 22 5.554000
191 312 23 5.791000
192 314 14 3.633000
193 315 21 5.268000
194 314 20 5.010000
195 315 19 4.793000
196 315 17 4.312000
197 316 20 4.976000
198 314 23 5.706000
199 316 17 4.267000
200 316 17 4.296000
201 315 19 4.754000
202 314 21 5.232000
203 315 19 4.789000
204 315 18 4.554000
205 315 19 4.794000
206 313 18 4.568000
207 312 22 5.526000
208 317 22 5.533000
209 310 19 4.780000
210 313 21 5.332000
211 312 18 4.585000
212 311 18 4.579000
213 312 20 5.055000
214 312 21 5.299000
215 312 21 5.312000
216 314 21 5.281000
217 314 15 3.858000
218 316 19 4.779000
219 315 19 4.749000
220 315 17 4.302000
221 315 19 4.755000
222 314 21 5.242000
223 317 18 4.585000
224 316 14 3.612000
225 314 21 5.294000
226 315 21 5.319000
227 313 21 5.297000
228 313 17 4.348000
229 313 21 5.370000
230 312 20 5.126000
231 311 18 4.614000
232 311 17 4.392000
233 312 16 4.156000
234 313 18 4.581000
235 312 19 4.800000
236 306 20 5.114000
237 306 23 5.873000
238 307 19 4.869000
239 311 24 6.108000
240 312 24 6.067000
241 312 22 5.529000
242 311 22 5.575000
243 314 22 5.476000
244 313 23 5.753000
245 309 25 6.401000
246 309 24 6.152000
247 310 23 5.974000
248 308 23 5.963000
249 308 21 5.518000
250 309 24 6.202000
251 310 24 6.250000
252 310 23 5.918000
253 309 22 5.730000
254 309 26 6.600000
255 308 26 6.610000
256 308 23 5.856000
257 308 23 5.916000
258 307 24 6.132000
259 307 22 5.645000
260 306 22 5.702000
261 311 22 5.596000
262 310 23 5.849000
263 310 22 5.609000
264 307 22 5.615000
265 305 22 5.673000
266 304 22 5.591000
267 305 23 5.852000
268 306 21 5.425000
269 306 23 5.852000
270 305 23 5.799000
271 305 11 2.923000
272 306 20 5.129000
273 306 22 5.667000
274 307 21 5.426000
275 307 21 5.440000
276 304 21 5.346000
277 306 20 5.118000
278 307 20 5.123000
279 307 20 5.129000
280 306 22 5.599000
281 305 22 5.582000
282 307 21 5.324000
283 307 20 5.131000
284 308 18 4.659000
285 309 24 6.092000
286 307 22 5.633000
287 305 22 5.580000
288 306 23 5.836000
289 307 22 5.654000
290 307 23 5.926000
291 307 24 6.149000
292 307 22 5.653000
293 309 21 5.383000
294 309 23 5.808000
295 309 24 6.091000
296 310 24 6.135000
297 310 19 4.910000
298 309 23 5.890000
299 309 24 6.114000
300 309 22 5.574000
301 309 25 6.355000
302 309 24 6.099000
303 309 25 6.367000
304 308 20 5.114000
305 308 22 5.605000
306 301 21 5.308000
307 304 21 5.316000
308 303 22 5.564000
309 303 21 5.297000
310 304 22 5.540000
311 302 20 5.029000
312 303 20 5.054000
313 304 20 5.046000
314 304 11 2.890000
315 302 21 5.317000
316 302 21 5.286000
317 302 22 5.546000
318 298 24 6.104000
319 298 24 6.116000
320 298 20 5.130000
321 298 21 5.336000
322 298 22 5.560000
323 296 23 5.887000
324 296 26 6.624000
325 297 22 5.576000
326 298 20 5.051000
327 298 22 5.569000
328 301 18 4.603000
329 301 22 5.592000
330 319 25 6.148000
331 320 26 6.370000
332 319 25 6.125000
333 320 23 5.672000
334 317 23 5.663000
335 317 24 5.918000
336 318 22 5.459000
337 317 23 5.739000
338 319 21 5.195000
339 319 21 5.233000
340 319 21 5.246000
341 321 22 5.508000
342 323 24 6.052000
343 323 23 5.823000
344 316 22 5.545000
345 317 22 5.542000
346 320 21 5.308000
347 320 22 5.557000
348 320 22 5.622000
349 321 18 4.628000
350 321 18 4.661000
351 319 21 5.313000
352 319 21 5.297000
353 319 20 5.063000
354 319 21 5.276000
355 318 23 5.778000
356 319 19 4.781000
357 319 22 5.459000
358 320 21 5.231000
359 320 22 5.522000
360 320 25 6.299000
361 320 22 5.549000
362 320 21 5.299000
363 319 20 5.032000
364 317 21 5.280000
365 317 20 5.044000
366 317 21 5.286000
367 316 21 5.278000
368 316 22 5.484000
369 316 22 5.519000
370 316 19 4.769000
371 313 19 4.797000
372 315 21 5.217000
373 315 22 5.528000
374 315 21 5.265000
375 314 21 5.214000
376 314 22 5.479000
377 314 19 4.753000
378 315 17 4.274000
379 315 22 5.460000
380 315 22 5.477000
381 316 22 5.481000
382 316 22 5.517000
383 315 22 5.617000
384 316 20 5.102000
385 317 24 5.986000
386 315 24 6.098000
387 316 22 5.644000
388 316 22 5.580000
389 317 24 6.062000
390 318 23 5.778000
391 317 23 5.853000
392 318 23 5.813000
393 318 21 5.269000
394 318 21 5.245000
395 310 20 5.229000
396 313 21 5.480000
397 313 24 6.266000
398 312 22 5.746000
399 312 21 5.487000
400 310 21 5.466000
401 309 19 5.053000
402 309 21 5.527000
403 309 20 5.229000
404 313 17 4.472000
405 313 21 5.443000
406 313 18 4.737000
407 311 19 4.870000
408 313 21 5.354000
409 314 20 5.185000
410 314 22 5.643000
411 315 21 5.414000
412 312 24 6.104000
413 310 21 5.466000
414 316 21 5.393000
415 313 22 5.707000
416 312 20 5.223000
417 311 20 5.244000
418 310 18 4.791000
419 311 21 5.593000
420 315 21 5.391000
421 312 19 4.974000
422 313 21 5.484000
423 314 19 4.941000
424 313 22 5.668000
425 315 19 4.936000
426 314 21 5.435000
427 313 22 5.688000
428 313 24 6.207000
429 312 20 5.193000
430 312 22 5.673000
431 312 22 5.752000
432 312 21 5.439000
433 311 23 5.844000
434 311 23 5.870000
435 309 24 6.088000
436 307 24 6.043000
437 307 26 6.522000
438 307 25 6.383000
439 308 24 6.074000
440 311 21 5.292000
441 309 22 5.610000
442 309 23 5.776000
443 309 21 5.300000
444 309 23 5.788000
445 309 22 5.551000
446 309 21 5.309000
447 309 20 5.076000
448 309 21 5.317000
449 310 21 5.313000
450 307 24 6.081000
451 308 23 5.861000
452 308 20 5.146000
453 307 21 5.358000
454 312 21 5.347000
455 312 21 5.313000
456 314 14 3.624000
457 314 18 4.569000
458 316 18 4.548000
459 316 11 2.882000
460 316 18 4.515000
461 315 15 3.837000
462 315 17 4.317000
463 315 17 4.298000
464 316 18 4.505000
465 315 20 5.020000
466 317 20 4.957000
467 318 19 4.743000
468 313 20 4.982000
469 312 20 4.980000
470 314 22 5.467000
471 315 20 4.971000
472 314 22 5.501000
473 314 21 5.230000
474 315 22 5.481000
475 314 24 6.082000
476 314 24 6.061000
477 313 23 5.827000
478 312 24 6.248000
479 313 24 6.192000
480 313 22 5.709000
481 313 22 5.658000
482 312 21 5.424000
483 312 22 5.616000
484 311 21 5.386000
485 311 26 6.658000
486 312 28 7.127000
487 312 21 5.394000
488 313 23 5.875000
489 313 23 5.847000
490 314 23 5.855000
491 313 23 5.831000
492 304 24 6.045000
493 303 21 5.351000
494 302 20 5.112000
495 304 19 4.801000
496 304 19 4.805000
497 304 19 4.758000
498 306 16 4.130000
499 306 18 4.574000
500 308 16 4.099000
501 306 11 2.884000
502 309 17 4.356000
503 307 19 4.815000
504 307 18 4.578000
505 310 17 4.315000
506 310 19 4.788000
507 310 22 5.508000
508 307 22 5.523000
509 306 19 4.816000
510 306 21 5.264000
511 310 22 5.499000
512 311 24 5.972000
513 310 22 5.555000
514 309 21 5.270000
515 308 21 5.237000
516 308 21 5.210000
517 309 20 4.993000
518 310 18 4.545000
519 309 18 4.579000
520 308 19 4.811000
521 307 20 5.063000
522 308 21 5.291000
523 308 26 6.454000
524 311 22 5.458000
525 309 21 5.253000
526 310 23 5.695000
527 310 22 5.502000
528 301 19 5.038000
529 301 23 6.003000
530 302 20 5.224000
531 301 21 5.440000
532 301 20 5.224000
533 301 18 4.730000
534 301 20 5.193000
535 302 22 5.654000
536 301 21 5.415000
537 300 20 5.138000
538 300 22 5.647000
539 303 21 5.406000
540 303 21 5.410000
541 303 20 5.132000
542 301 18 4.659000
543 303 19 4.898000
544 302 11 2.940000
545 302 20 5.123000
546 302 19 4.924000
547 300 20 5.182000
548 300 20 5.195000
549 300 20 5.209000
550 299 20 5.220000
551 299 19 4.944000
552 298 21 5.427000
553 296 20 5.164000
554 296 21 5.443000
555 295 22 5.683000
556 295 21 5.412000
557 295 22 5.656000
558 295 21 5.419000
559 295 22 5.665000
560 295 20 5.186000
561 294 22 5.714000
562 295 21 5.490000
563 295 24 6.193000
564 297 25 6.394000
565 296 24 6.179000
566 296 21 5.449000
567 299 22 5.628000
568 300 21 5.397000
569 300 22 5.678000
570 300 23 5.860000
571 301 24 6.127000
572 303 23 5.848000
573 303 22 5.600000
574 301 25 6.385000
575 300 24 6.176000
576 299 22 5.640000
577 299 22 5.628000
578 298 25 6.383000
579 300 21 5.427000
580 299 20 5.191000
581 299 23 5.924000
582 300 22 5.610000
583 301 22 5.651000
584 301 21 5.417000
585 301 20 5.175000
586 302 20 5.184000
587 302 21 5.420000
588 303 20 5.156000
589 300 23 5.888000
590 300 23 5.966000
591 299 20 5.200000
592 300 18 4.701000
593 300 18 4.656000
594 301 19 4.891000
595 304 20 5.102000
596 300 23 5.957000
597 300 14 3.738000
598 298 21 5.455000
599 300 23 5.994000
600 305 22 5.775000
601 297 25 6.549000
602 298 23 6.050000
603 297 21 5.571000
604 296 18 4.812000
605 296 21 5.606000
606 294 21 5.600000
607 294 20 5.340000
608 294 23 6.125000
609 292 24 6.326000
610 313 21 5.573000
611 312 21 5.601000
612 312 19 5.080000
613 309 19 5.068000
614 309 20 5.304000
615 312 21 5.540000
616 311 17 4.542000
617 311 21 5.562000
618 309 19 5.083000
619 309 20 5.304000
620 308 21 5.518000
621 307 21 5.568000
622 307 21 5.496000
623 307 21 5.513000
624 306 20 5.381000
625 308 22 5.855000
626 311 20 5.398000
627 312 25 6.678000
628 313 23 6.151000
629 314 22 5.851000
630 314 24 6.387000
631 313 24 6.436000
632 313 22 5.879000
633 312 24 6.388000
634 312 22 5.868000
635 313 25 6.562000
636 312 22 5.884000
637 312 22 5.956000
638 313 24 6.471000
639 313 25 6.692000
640 314 21 5.616000
641 299 25 6.445000
642 300 25 6.516000
643 297 22 5.878000
644 297 15 4.054000
645 297 19 5.092000
646 298 19 5.061000
647 298 19 5.044000
648 315 21 5.484000
649 314 22 5.740000
650 316 18 4.690000
651 316 19 4.912000
652 318 19 4.944000
653 318 19 4.910000
654 316 18 4.719000
655 317 18 4.685000
656 319 19 4.926000
657 312 21 5.482000
658 310 24 6.205000
659 312 20 5.229000
660 311 20 5.229000
661 312 20 5.247000
662 313 21 5.515000
663 305 15 4.032000
664 307 20 5.342000
665 307 19 5.083000
666 307 21 5.580000
667 307 20 5.322000
668 305 19 5.074000
669 309 19 5.060000
670 312 20 5.291000
671 311 21 5.555000
672 308 24 6.400000
673 307 25 6.591000
674 306 21 5.625000
675 305 22 5.837000
676 304 21 5.543000
677 303 20 5.337000
678 305 19 5.041000
679 305 20 5.298000
680 305 21 5.625000
681 308 22 5.885000
682 309 21 5.569000
683 309 18 4.798000
684 309 18 4.804000
685 308 17 4.566000
686 307 19 5.063000
687 308 18 4.832000
688 308 17 4.530000
689 306 18 4.770000
690 307 18 4.772000
691 305 18 4.792000
692 303 12 3.261000
693 305 21 5.490000
694 305 22 5.729000
695 306 19 4.970000
696 308 21 5.522000
697 305 14 3.713000
698 307 19 5.005000
699 307 21 5.493000
700 307 21 5.494000
701 308 10 2.741000
702 308 19 5.009000
703 308 20 5.290000
704 307 22 5.756000
705 308 23 5.993000
706 314 22 5.676000
707 314 22 5.662000
708 313 20 5.217000
709 314 21 5.464000
710 314 20 5.181000
711 309 21 5.498000
712 308 20 5.275000
713 311 20 5.318000
714 310 21 5.536000
715 310 21 5.448000
716 311 26 6.672000
717 311 24 6.281000
718 311 22 5.732000
719 310 20 5.214000
720 309 20 5.173000
721 308 20 5.238000
722 307 19 4.993000
723 306 11 2.953000
724 307 22 5.656000
725 308 20 5.174000
726 308 19 4.927000
727 308 21 5.360000
728 307 21 5.370000
729 307 20 5.194000
730 308 22 5.751000
731 308 24 6.170000
732 308 23 5.977000
733 309 22 5.726000
734 310 21 5.453000
735 307 20 5.286000
736 311 22 5.632000
737 310 22 5.632000
738 310 18 4.626000
739 312 19 4.890000
740 311 19 4.925000
741 310 20 5.141000
742 312 19 4.928000
743 312 11 2.958000
744 311 20 5.131000
745 310 21 5.352000
746 308 21 5.350000
747 310 19 4.874000
748 310 18 4.570000
749 314 21 5.340000
750 314 18 4.618000
751 314 21 5.346000
752 316 21 5.367000
753 315 22 5.691000
754 313 17 4.496000
755 314 20 5.198000
756 311 22 5.754000
757 311 22 5.778000
758 311 20 5.302000
759 311 20 5.293000
760 311 20 5.312000
761 298 22 5.750000
762 304 22 5.625000
763 306 21 5.446000
764 306 21 5.413000
765 306 21 5.360000
766 305 20 5.113000
767 305 23 5.954000
768 303 23 5.824000
769 304 22 5.598000
770 307 19 4.918000
771 309 23 5.884000
772 313 22 5.573000
773 315 23 6.106000
774 314 23 6.076000
775 313 21 5.559000
776 314 21 5.516000
777 309 22 5.583000
778 308 24 6.213000
779 308 18 4.656000
780 308 20 5.196000
781 310 19 4.985000
782 311 17 4.467000
783 311 16 4.244000
784 311 16 4.247000
785 312 17 4.510000
786 311 16 4.286000
787 311 15 4.017000
788 312 24 6.274000
789 313 24 6.313000
790 313 20 5.301000
791 313 24 6.344000
792 313 21 5.567000
793 312 20 5.300000
794 313 21 5.540000
795 313 19 5.044000
796 311 19 5.220000
797 311 21 5.753000
798 310 22 5.994000
799 309 19 5.194000
800 311 20 5.425000
801 309 20 5.444000
802 308 18 4.929000
803 312 17 4.597000
804 313 19 5.116000
805 313 20 5.379000
806 313 12 3.312000
807 314 23 6.224000
808 313 22 5.947000
809 311 21 5.729000
810 311 20 5.525000
811 312 20 5.518000
812 313 20 5.435000
813 311 15 4.198000
814 312 21 5.757000
815 313 21 5.786000
816 314 18 4.998000
817 312 18 4.983000
818 309 18 5.015000
819 309 18 5.004000
820 309 18 5.023000
821 308 16 4.473000
822 306 21 5.431000
823 308 22 5.619000
824 304 18 4.627000
825 306 20 5.141000
826 307 21 5.438000
827 306 20 5.204000
828 307 19 4.952000
829 307 19 4.953000
830 308 18 4.709000
831 308 19 4.949000
832 305 21 5.453000
833 306 20 5.224000
834 307 22 5.752000
835 307 14 3.732000
836 306 12 3.240000
837 306 19 5.041000
838 307 18 4.731000
839 308 20 5.178000
840 308 19 4.938000
841 308 21 5.474000
842 308 22 5.751000
843 308 20 5.211000
844 307 20 5.244000
845 306 19 5.009000
846 306 20 5.236000
847 305 18 4.769000
848 305 19 4.973000
849 303 18 4.745000
850 303 20 5.207000
851 308 23 6.116000
852 307 21 5.571000
853 307 13 3.538000
854 306 10 2.728000
855 305 20 5.195000
856 306 22 5.656000
857 306 20 5.177000
858 307 19 4.938000
859 307 13 3.435000
860 307 19 4.914000
861 303 21 5.390000
862 302 20 5.158000
863 303 19 4.930000
864 301 14 3.720000
865 301 18 4.699000
866 301 16 4.192000
867 301 19 4.944000
868 302 18 4.711000
869 300 18 4.743000
870 300 20 5.232000
871 301 19 4.958000
872 303 18 4.663000
873 302 20 5.137000
874 302 21 5.354000
875 300 20 5.193000
876 303 20 5.129000
877 303 21 5.394000
878 309 22 5.716000
879 309 23 5.921000
880 311 22 5.678000
881 311 19 4.940000
882 310 19 4.932000
883 311 20 5.190000
884 311 20 5.200000
885 308 19 4.942000
886 308 18 4.701000
887 308 20 5.234000
888 309 19 5.020000
889 309 19 5.040000
890 307 20 5.210000
891 308 19 4.965000
892 311 14 3.743000
893 321 21 5.529000
894 321 21 5.544000
895 321 18 4.821000
896 321 19 5.090000
897 321 18 4.841000
898 321 19 5.132000
899 321 18 4.804000
900 318 20 5.356000
901 318 17 4.542000
902 320 18 4.794000
903 316 20 5.334000
904 316 19 5.106000
905 316 19 5.094000
906 315 18 4.841000
907 316 17 4.567000
908 316 19 5.082000
909 318 19 5.069000
910 316 19 5.048000
911 316 16 4.331000
912 316 20 5.359000
913 316 21 5.656000
914 313 19 5.044000
915 313 22 5.845000
916 312 23 6.149000
917 313 18 4.850000
918 312 20 5.263000
919 313 20 5.234000
920 316 21 5.541000
921 315 20 5.278000
922 314 21 5.459000
923 315 20 5.304000
924 314 19 5.041000
925 314 18 4.826000
926 313 21 5.549000
927 311 21 5.517000
928 312 15 4.015000
929 310 17 4.513000
930 311 19 4.976000
931 311 18 4.750000
932 313 18 4.721000
933 313 18 4.742000
934 312 15 3.984000
935 310 18 4.673000
936 312 21 5.443000
937 315 20 5.150000
938 315 18 4.593000
939 315 20 5.089000
940 308 22 5.633000
941 308 23 5.905000
942 307 20 5.154000
943 307 22 5.633000
944 306 22 5.644000
945 306 20 5.181000
946 306 18 4.646000
947 306 18 4.630000
948 305 18 4.639000
949 306 16 4.191000
950 305 19 4.920000
951 307 21 5.397000
952 306 22 5.643000
953 306 19 4.915000
954 307 20 5.185000
955 307 20 5.169000
956 307 19 4.925000
957 313 21 5.422000
958 313 22 5.642000
959 313 17 4.389000
960 313 26 6.651000
961 312 25 6.352000
962 310 18 4.668000
963 310 19 4.920000
964 307 21 5.474000
965 307 14 3.712000
966 306 19 4.918000
967 304 18 4.701000
968 305 17 4.436000
969 312 19 4.908000
970 313 19 4.870000
971 311 21 5.328000
972 313 19 5.013000
973 313 14 3.756000
974 313 15 4.016000
975 313 16 4.265000
976 310 11 3.008000
977 313 14 3.747000
978 314 16 4.239000
979 313 19 4.969000
980 313 17 4.484000
981 314 19 4.992000
982 313 14 3.735000
983 310 21 5.350000
984 303 20 5.133000
985 304 13 3.414000
986 303 12 3.146000
987 304 17 4.403000
988 306 10 2.687000
989 305 18 4.666000
990 303 18 4.647000
991 303 16 4.201000
992 302 19 4.961000
993 302 12 3.252000
994 302 17 4.417000
995 300 16 4.172000
996 300 11 2.941000
997 300 13 3.461000
998 300 17 4.461000
999 299 19 4.953000
1000 299 20 5.209000
