# STEP_NO SUBSYSTEMS FINAL_ITERATIONS STEP_SECONDS
0 239 48 8.258000
1 242 20 3.479000
2 241 20 3.509000
3 238 20 3.562000
4 241 13 2.369000
5 241 13 2.320000
6 244 11 2.035000
7 244 9 1.675000
8 243 9 1.655000
9 243 9 1.665000
10 243 7 1.334000
11 243 7 1.327000
12 242 8 1.518000
13 242 7 1.329000
14 243 8 1.542000
15 242 8 1.548000
16 241 8 1.508000
17 228 8 1.482000
18 228 8 1.472000
19 229 8 1.490000
20 229 8 1.478000
21 230 8 1.486000
22 231 8 1.496000
23 231 7 1.346000
24 231 7 1.323000
25 231 9 1.667000
26 230 9 1.662000
27 231 8 1.506000
28 235 9 1.683000
29 235 10 1.847000
30 236 8 1.499000
31 236 8 1.499000
32 235 8 1.497000
33 240 8 1.499000
34 240 8 1.481000
35 239 7 1.303000
36 239 7 1.303000
37 240 8 1.484000
38 239 9 1.666000
39 241 9 1.651000
40 241 8 1.481000
41 241 8 1.469000
42 237 7 1.308000
43 239 7 1.305000
44 240 8 1.473000
45 240 8 1.463000
46 240 8 1.457000
47 240 7 1.300000
48 241 8 1.496000
49 241 8 1.495000
50 242 8 1.520000
51 242 7 1.318000
52 242 8 1.514000
53 241 7 1.336000
54 238 7 1.368000
55 240 7 1.352000
56 239 7 1.360000
57 239 7 1.345000
58 240 7 1.359000
59 241 7 1.340000
60 240 8 1.512000
61 240 9 1.688000
62 241 9 1.684000
63 241 8 1.518000
64 240 7 1.351000
65 238 8 1.521000
66 237 7 1.371000
67 238 8 1.556000
68 238 9 1.731000
69 240 8 1.546000
70 239 8 1.537000
71 240 8 1.519000
72 240 7 1.360000
73 241 8 1.533000
74 242 8 1.544000
75 241 8 1.545000
76 241 7 1.369000
77 241 8 1.536000
78 240 8 1.521000
79 241 8 1.504000
80 240 8 1.507000
81 240 7 1.344000
82 240 8 1.519000
83 240 9 1.686000
84 240 9 1.694000
85 241 8 1.518000
86 241 8 1.533000
87 241 8 1.518000
88 241 8 1.540000
89 241 8 1.519000
90 241 8 1.554000
91 241 8 1.530000
92 243 8 1.532000
93 243 7 1.385000
94 243 8 1.557000
95 244 8 1.538000
96 245 8 1.562000
97 241 8 1.556000
98 241 8 1.524000
99 241 8 1.536000
100 240 8 1.529000
101 239 7 1.359000
102 240 8 1.502000
103 240 8 1.513000
104 240 9 1.691000
105 240 9 1.689000
106 241 8 1.516000
107 243 8 1.515000
108 242 8 1.502000
109 242 8 1.511000
110 236 8 1.487000
111 238 7 1.307000
112 240 8 1.495000
113 239 8 1.481000
114 240 7 1.309000
115 238 8 1.504000
116 242 9 1.680000
117 238 8 1.464000
118 238 8 1.460000
119 238 8 1.470000
120 237 7 1.295000
121 237 8 1.473000
122 238 8 1.464000
123 239 7 1.288000
124 239 8 1.451000
125 239 9 1.601000
126 238 8 1.454000
127 238 8 1.458000
128 243 8 1.519000
129 235 8 1.521000
130 232 9 1.737000
131 228 7 1.375000
132 231 7 1.374000
133 231 8 1.541000
134 231 8 1.544000
135 233 8 1.526000
136 232 8 1.509000
137 234 8 1.508000
138 233 8 1.493000
139 231 7 1.333000
140 231 8 1.525000
141 232 9 1.700000
142 230 8 1.532000
143 230 8 1.519000
144 230 7 1.367000
145 231 7 1.345000
146 231 7 1.341000
147 228 8 1.526000
148 228 7 1.379000
149 227 8 1.547000
150 236 7 1.340000
151 236 7 1.326000
152 234 7 1.323000
153 235 7 1.322000
154 234 8 1.485000
155 235 8 1.476000
156 234 8 1.485000
157 234 9 1.649000
158 234 8 1.474000
159 233 8 1.476000
160 234 7 1.319000
161 234 8 1.485000
162 233 8 1.494000
163 234 8 1.447000
164 234 8 1.457000
165 233 8 1.480000
166 233 8 1.470000
167 236 8 1.486000
168 237 8 1.491000
169 237 9 1.676000
170 235 8 1.511000
171 235 8 1.507000
172 235 8 1.504000
173 234 8 1.495000
174 235 6 1.137000
175 234 7 1.327000
176 233 8 1.516000
177 233 8 1.528000
178 233 8 1.530000
179 233 8 1.518000
180 231 8 1.522000
181 231 8 1.524000
182 229 8 1.526000
183 230 8 1.520000
184 229 8 1.510000
185 229 8 1.538000
186 230 8 1.544000
187 228 8 1.504000
188 229 8 1.540000
189 228 7 1.365000
190 229 7 1.376000
191 228 8 1.534000
192 227 8 1.540000
193 231 8 1.516000
194 231 7 1.347000
195 232 7 1.357000
196 232 7 1.349000
197 231 8 1.536000
198 233 8 1.520000
199 233 8 1.532000
200 232 8 1.516000
201 233 7 1.341000
202 232 8 1.515000
203 234 7 1.358000
204 234 7 1.342000
205 234 8 1.536000
206 235 8 1.537000
207 235 8 1.544000
208 234 7 1.374000
209 234 8 1.544000
210 235 7 1.382000
211 235 8 1.541000
212 234 8 1.556000
213 234 7 1.362000
214 234 7 1.362000
215 233 7 1.375000
216 233 7 1.372000
217 235 7 1.369000
218 235 8 1.539000
219 236 8 1.550000
220 234 8 1.573000
221 235 8 1.546000
222 232 8 1.537000
223 237 8 1.500000
224 239 8 1.501000
225 237 9 1.691000
226 234 9 1.676000
227 233 9 1.678000
228 233 8 1.498000
229 237 8 1.499000
230 237 7 1.330000
231 237 7 1.338000
232 238 7 1.335000
233 238 8 1.490000
234 238 8 1.494000
235 238 8 1.495000
236 240 8 1.477000
237 238 8 1.469000
238 238 8 1.472000
239 236 8 1.463000
240 235 7 1.291000
241 235 7 1.303000
242 233 7 1.309000
243 232 7 1.313000
244 234 8 1.501000
245 235 8 1.504000
246 232 7 1.315000
247 241 7 1.358000
248 238 7 1.346000
249 241 8 1.497000
250 241 8 1.548000
251 236 8 1.528000
252 238 8 1.523000
253 236 9 1.707000
254 236 8 1.522000
255 235 7 1.344000
256 237 7 1.343000
257 237 7 1.335000
258 239 8 1.500000
259 234 8 1.452000
260 235 8 1.481000
261 234 7 1.314000
262 235 7 1.303000
263 237 8 1.471000
264 238 7 1.304000
265 238 7 1.309000
266 237 8 1.472000
267 238 8 1.487000
268 236 8 1.475000
269 237 8 1.463000
270 236 7 1.309000
271 236 7 1.317000
272 237 8 1.492000
273 242 8 1.463000
274 241 8 1.480000
275 241 8 1.486000
276 243 8 1.476000
277 243 8 1.476000
278 243 8 1.478000
279 243 8 1.477000
280 244 8 1.468000
281 245 7 1.304000
282 244 8 1.508000
283 243 8 1.484000
284 243 8 1.467000
285 246 8 1.501000
286 244 8 1.469000
287 243 8 1.487000
288 242 7 1.295000
289 242 7 1.295000
290 241 8 1.462000
291 244 8 1.510000
292 244 9 1.655000
293 244 9 1.647000
294 243 7 1.312000
295 244 8 1.489000
296 245 8 1.479000
297 247 8 1.487000
298 248 7 1.309000
299 248 8 1.480000
300 248 9 1.647000
301 249 8 1.491000
302 248 8 1.498000
303 249 8 1.499000
304 248 8 1.497000
305 247 8 1.491000
306 247 8 1.493000
307 249 8 1.487000
308 250 8 1.464000
309 251 8 1.465000
310 238 8 1.477000
311 240 8 1.474000
312 240 8 1.476000
313 242 8 1.476000
314 241 8 1.473000
315 242 8 1.488000
316 244 7 1.309000
317 244 8 1.481000
318 243 8 1.487000
319 242 7 1.340000
320 242 8 1.511000
321 245 8 1.475000
322 241 8 1.472000
323 241 7 1.306000
324 239 7 1.295000
325 239 7 1.298000
326 239 8 1.460000
327 239 7 1.263000
328 241 7 1.325000
329 242 7 1.314000
330 241 8 1.474000
331 241 8 1.481000
332 240 8 1.468000
333 240 8 1.463000
334 241 7 1.341000
335 240 9 1.632000
336 241 9 1.603000
337 243 8 1.457000
338 244 8 1.467000
339 244 8 1.443000
340 243 8 1.464000
341 241 7 1.287000
342 242 8 1.514000
343 243 8 1.566000
344 240 8 1.544000
345 239 8 1.529000
346 240 8 1.525000
347 239 8 1.544000
348 239 8 1.546000
349 239 8 1.532000
350 241 7 1.371000
351 239 7 1.349000
352 237 7 1.337000
353 232 8 1.570000
354 233 8 1.568000
355 232 8 1.558000
356 233 7 1.375000
357 232 7 1.380000
358 231 8 1.564000
359 231 8 1.529000
360 231 8 1.560000
361 232 8 1.553000
362 235 8 1.547000
363 234 7 1.358000
364 234 7 1.341000
365 233 7 1.343000
366 232 8 1.584000
367 232 8 1.560000
368 235 8 1.539000
369 235 8 1.528000
370 234 8 1.539000
371 234 9 1.727000
372 234 9 1.719000
373 235 8 1.539000
374 235 8 1.559000
375 234 7 1.385000
376 234 8 1.544000
377 235 8 1.531000
378 235 8 1.513000
379 236 8 1.522000
380 232 8 1.566000
381 232 7 1.372000
382 232 7 1.353000
383 233 8 1.514000
384 233 8 1.530000
385 237 9 1.680000
386 238 8 1.508000
387 239 8 1.510000
388 236 8 1.529000
389 237 8 1.504000
390 238 8 1.526000
391 238 8 1.509000
392 239 8 1.534000
393 241 8 1.525000
394 241 8 1.518000
395 241 8 1.526000
396 242 7 1.341000
397 243 7 1.363000
398 241 7 1.341000
399 242 8 1.543000
400 239 8 1.510000
401 241 8 1.492000
402 240 8 1.498000
403 243 8 1.538000
404 241 8 1.535000
405 241 8 1.543000
406 241 8 1.526000
407 241 8 1.527000
408 241 8 1.521000
409 245 8 1.504000
410 243 8 1.516000
411 243 8 1.529000
412 242 8 1.507000
413 235 8 1.443000
414 235 8 1.427000
415 236 8 1.455000
416 236 8 1.423000
417 234 8 1.480000
418 234 8 1.456000
419 235 7 1.310000
420 235 7 1.301000
421 233 8 1.468000
422 236 8 1.463000
423 235 8 1.470000
424 235 8 1.486000
425 234 8 1.467000
426 235 8 1.451000
427 232 8 1.451000
428 231 8 1.476000
429 231 8 1.476000
430 232 8 1.480000
431 232 8 1.474000
432 237 8 1.485000
433 237 7 1.308000
434 236 8 1.466000
435 236 8 1.461000
436 234 8 1.473000
437 236 8 1.475000
438 237 8 1.459000
439 236 9 1.624000
440 234 7 1.310000
441 234 8 1.478000
442 236 8 1.498000
443 237 8 1.491000
444 236 8 1.476000
445 236 9 1.644000
446 236 8 1.477000
447 237 7 1.299000
448 236 9 1.652000
449 238 9 1.631000
450 238 8 1.472000
451 237 8 1.459000
452 237 7 1.292000
453 235 8 1.464000
454 236 9 1.612000
455 237 8 1.445000
456 237 8 1.447000
457 236 8 1.441000
458 236 8 1.454000
459 236 8 1.452000
460 236 8 1.440000
461 236 9 1.614000
462 236 9 1.630000
463 233 8 1.477000
464 234 9 1.661000
465 235 8 1.512000
466 235 8 1.495000
467 236 8 1.489000
468 238 8 1.474000
469 238 9 1.609000
470 238 9 1.605000
471 238 8 1.443000
472 238 7 1.294000
473 241 7 1.303000
474 236 8 1.486000
475 236 7 1.303000
476 235 8 1.513000
477 235 8 1.465000
478 232 8 1.517000
479 234 8 1.492000
480 236 8 1.492000
481 238 8 1.496000
482 237 8 1.517000
483 237 8 1.484000
484 237 8 1.467000
485 238 8 1.471000
486 236 8 1.468000
487 234 8 1.474000
488 234 8 1.485000
489 238 7 1.317000
490 238 6 1.130000
491 241 7 1.322000
492 238 8 1.477000
493 238 7 1.310000
494 237 7 1.332000
495 237 8 1.493000
496 237 8 1.480000
497 238 8 1.466000
498 237 8 1.482000
499 237 8 1.488000
500 238 9 1.640000
501 238 8 1.454000
502 225 8 1.477000
503 225 8 1.489000
504 228 8 1.492000
505 228 7 1.324000
506 228 8 1.511000
507 224 9 1.625000
508 224 8 1.449000
509 223 8 1.443000
510 223 8 1.446000
511 223 8 1.453000
512 223 8 1.441000
513 225 7 1.294000
514 225 7 1.302000
515 225 8 1.473000
516 226 8 1.468000
517 226 8 1.499000
518 227 9 1.648000
519 227 7 1.289000
520 229 8 1.500000
521 228 8 1.492000
522 227 8 1.507000
523 227 8 1.462000
524 227 7 1.302000
525 228 8 1.462000
526 228 8 1.490000
527 229 8 1.495000
528 230 7 1.329000
529 229 8 1.509000
530 230 9 1.695000
531 228 8 1.524000
532 228 8 1.501000
533 227 7 1.280000
534 229 8 1.471000
535 230 8 1.488000
536 230 8 1.506000
537 230 8 1.496000
538 232 8 1.506000
539 232 8 1.502000
540 234 7 1.330000
541 234 8 1.500000
542 232 8 1.505000
543 233 8 1.522000
544 232 8 1.496000
545 233 8 1.535000
546 233 8 1.509000
547 235 8 1.485000
548 235 8 1.477000
549 235 8 1.524000
550 235 7 1.318000
551 235 8 1.520000
552 235 8 1.500000
553 234 7 1.313000
554 234 7 1.323000
555 235 8 1.483000
556 234 8 1.487000
557 233 7 1.321000
558 228 7 1.319000
559 228 7 1.341000
560 229 7 1.341000
561 233 8 1.510000
562 232 8 1.525000
563 232 8 1.515000
564 232 7 1.335000
565 232 7 1.333000
566 234 7 1.313000
567 233 7 1.336000
568 234 8 1.491000
569 235 8 1.484000
570 235 7 1.313000
571 232 8 1.497000
572 232 8 1.514000
573 230 8 1.543000
574 231 7 1.349000
575 231 8 1.494000
576 232 8 1.497000
577 232 7 1.337000
578 232 6 1.176000
579 233 8 1.512000
580 234 9 1.670000
581 234 8 1.519000
582 243 7 1.312000
583 244 8 1.517000
584 245 8 1.505000
585 248 8 1.475000
586 247 7 1.298000
587 248 7 1.300000
588 248 6 1.136000
589 248 7 1.321000
590 246 6 1.136000
591 246 8 1.489000
592 246 8 1.497000
593 246 8 1.486000
594 246 8 1.507000
595 242 7 1.334000
596 243 7 1.335000
597 240 8 1.474000
598 240 7 1.306000
599 243 7 1.303000
600 242 8 1.449000
601 240 9 1.621000
602 240 7 1.307000
603 242 7 1.279000
604 242 8 1.485000
605 243 8 1.480000
606 242 8 1.477000
607 242 8 1.494000
608 243 8 1.490000
609 244 8 1.467000
610 245 7 1.366000
611 244 8 1.527000
612 244 8 1.560000
613 244 7 1.347000
614 244 8 1.536000
615 244 8 1.540000
616 243 8 1.535000
617 243 8 1.484000
618 241 8 1.490000
619 240 8 1.499000
620 240 7 1.336000
621 240 7 1.328000
622 244 8 1.527000
623 243 8 1.510000
624 244 8 1.516000
625 244 8 1.534000
626 240 8 1.523000
627 242 8 1.500000
628 241 8 1.497000
629 243 8 1.530000
630 242 9 1.685000
631 242 9 1.684000
632 242 8 1.513000
633 241 8 1.514000
634 240 7 1.314000
635 240 8 1.482000
636 240 8 1.493000
637 241 8 1.482000
638 241 7 1.332000
639 241 8 1.493000
640 240 8 1.489000
641 241 8 1.491000
642 241 8 1.478000
643 239 8 1.489000
644 239 7 1.322000
645 239 8 1.498000
646 239 8 1.491000
647 238 8 1.501000
648 238 8 1.495000
649 238 8 1.492000
650 239 7 1.307000
651 241 8 1.463000
652 240 8 1.486000
653 240 8 1.484000
654 240 6 1.155000
655 242 8 1.543000
656 244 8 1.525000
657 240 8 1.493000
658 242 8 1.491000
659 242 8 1.494000
660 242 7 1.321000
661 243 7 1.330000
662 237 8 1.529000
663 243 8 1.516000
664 243 8 1.494000
665 239 7 1.334000
666 239 8 1.493000
667 238 8 1.502000
668 238 7 1.334000
669 239 8 1.498000
670 239 7 1.323000
671 241 8 1.479000
672 242 9 1.667000
673 242 9 1.664000
674 243 7 1.313000
675 244 8 1.485000
676 245 7 1.332000
677 246 7 1.323000
678 246 8 1.495000
679 245 8 1.481000
680 246 8 1.482000
681 244 8 1.516000
682 244 7 1.351000
683 244 8 1.500000
684 242 8 1.505000
685 242 8 1.480000
686 241 8 1.482000
687 244 8 1.516000
688 245 8 1.543000
689 243 7 1.350000
690 242 7 1.354000
691 241 8 1.530000
692 241 8 1.517000
693 240 7 1.354000
694 240 8 1.519000
695 239 8 1.526000
696 240 7 1.373000
697 241 7 1.357000
698 240 8 1.525000
699 240 8 1.533000
700 240 8 1.535000
701 241 7 1.354000
702 244 7 1.344000
703 244 8 1.517000
704 242 8 1.523000
705 242 8 1.509000
706 242 7 1.345000
707 241 8 1.533000
708 243 8 1.551000
709 242 8 1.558000
710 242 8 1.544000
711 243 7 1.370000
712 240 7 1.366000
713 240 8 1.529000
714 242 8 1.571000
715 242 7 1.387000
716 241 7 1.355000
717 241 8 1.542000
718 240 7 1.366000
719 232 7 1.368000
720 232 7 1.366000
721 233 7 1.355000
722 234 7 1.351000
723 236 7 1.343000
724 235 7 1.375000
725 235 8 1.546000
726 234 8 1.563000
727 234 7 1.356000
728 236 7 1.285000
729 236 7 1.281000
730 239 7 1.281000
731 242 7 1.261000
732 242 7 1.258000
733 243 8 1.436000
734 243 8 1.444000
735 243 8 1.448000
736 246 8 1.532000
737 246 7 1.354000
738 247 8 1.539000
739 247 8 1.531000
740 245 7 1.341000
741 246 8 1.537000
742 248 8 1.545000
743 247 8 1.552000
744 247 7 1.357000
745 247 8 1.524000
746 245 8 1.542000
747 247 8 1.536000
748 245 8 1.549000
749 247 7 1.377000
750 244 8 1.541000
751 241 8 1.549000
752 241 8 1.527000
753 242 7 1.337000
754 242 7 1.346000
755 242 8 1.536000
756 243 8 1.527000
757 243 8 1.553000
758 242 8 1.541000
759 241 8 1.546000
760 242 8 1.535000
761 239 8 1.461000
762 239 8 1.471000
763 238 8 1.454000
764 239 8 1.470000
765 239 8 1.467000
766 238 8 1.477000
767 239 7 1.309000
768 239 7 1.307000
769 240 8 1.488000
770 240 8 1.493000
771 240 8 1.480000
772 242 8 1.517000
773 242 8 1.505000
774 242 8 1.513000
775 236 8 1.491000
776 236 8 1.482000
777 235 8 1.485000
778 235 8 1.478000
779 235 8 1.482000
780 240 8 1.467000
781 240 9 1.635000
782 240 8 1.476000
783 241 8 1.484000
784 242 8 1.500000
785 240 8 1.464000
786 240 8 1.463000
787 240 8 1.459000
788 241 8 1.474000
789 242 8 1.484000
790 242 8 1.501000
791 243 8 1.502000
792 243 8 1.498000
793 244 8 1.518000
794 243 7 1.349000
795 241 7 1.325000
796 241 8 1.501000
797 241 8 1.490000
798 241 7 1.340000
799 240 8 1.492000
800 241 8 1.507000
801 240 7 1.328000
802 240 8 1.490000
803 239 8 1.491000
804 239 8 1.477000
805 243 8 1.479000
806 238 7 1.320000
807 238 7 1.330000
808 239 7 1.322000
809 240 8 1.479000
810 239 8 1.499000
811 239 8 1.477000
812 239 8 1.469000
813 235 8 1.524000
814 237 8 1.469000
815 240 8 1.507000
816 240 8 1.501000
817 239 8 1.507000
818 238 7 1.318000
819 238 8 1.484000
820 238 8 1.479000
821 236 8 1.479000
822 225 8 1.489000
823 225 8 1.497000
824 226 8 1.523000
825 223 7 1.325000
826 224 7 1.319000
827 224 8 1.479000
828 223 8 1.487000
829 223 9 1.651000
830 223 8 1.475000
831 224 8 1.483000
832 239 9 1.650000
833 239 8 1.476000
834 239 7 1.296000
835 239 8 1.481000
836 239 8 1.499000
837 239 8 1.499000
838 235 8 1.508000
839 235 8 1.502000
840 236 9 1.671000
841 236 8 1.499000
842 234 8 1.507000
843 235 8 1.508000
844 236 8 1.485000
845 236 8 1.491000
846 238 8 1.487000
847 239 8 1.499000
848 241 8 1.475000
849 239 8 1.485000
850 241 8 1.471000
851 242 8 1.486000
852 241 8 1.511000
853 240 8 1.471000
854 241 9 1.637000
855 238 7 1.330000
856 235 8 1.512000
857 241 8 1.541000
858 241 7 1.344000
859 242 8 1.528000
860 239 8 1.518000
861 240 8 1.511000
862 238 7 1.387000
863 237 8 1.554000
864 237 8 1.549000
865 235 8 1.569000
866 235 8 1.563000
867 227 8 1.538000
868 224 9 1.709000
869 224 8 1.539000
870 225 8 1.549000
871 226 8 1.552000
872 226 8 1.525000
873 228 7 1.342000
874 228 7 1.377000
875 228 8 1.555000
876 224 9 1.726000
877 226 8 1.564000
878 226 8 1.577000
879 233 7 1.393000
880 232 7 1.386000
881 229 8 1.551000
882 229 8 1.588000
883 230 8 1.571000
884 231 7 1.387000
885 232 8 1.567000
886 231 8 1.563000
887 229 8 1.569000
888 227 7 1.386000
889 226 8 1.566000
890 231 8 1.589000
891 229 8 1.570000
892 231 9 1.757000
893 233 9 1.751000
894 233 8 1.563000
895 233 8 1.561000
896 233 8 1.558000
897 234 8 1.545000
898 233 8 1.559000
899 235 8 1.541000
900 237 8 1.513000
901 237 8 1.515000
902 237 8 1.515000
903 238 8 1.490000
904 237 9 1.683000
905 237 8 1.518000
906 236 7 1.338000
907 236 8 1.518000
908 237 8 1.495000
909 237 7 1.325000
910 237 7 1.334000
911 233 7 1.382000
912 233 7 1.392000
913 234 8 1.581000
914 234 8 1.550000
915 234 8 1.531000
916 233 8 1.535000
917 233 8 1.547000
918 234 8 1.550000
919 234 8 1.553000
920 236 8 1.513000
921 236 8 1.517000
922 236 9 1.708000
923 238 8 1.533000
924 239 8 1.542000
925 239 7 1.377000
926 235 7 1.368000
927 236 7 1.357000
928 235 8 1.538000
929 234 8 1.545000
930 232 8 1.545000
931 231 8 1.552000
932 231 8 1.535000
933 231 7 1.374000
934 229 7 1.368000
935 229 8 1.557000
936 229 8 1.558000
937 231 8 1.547000
938 232 7 1.381000
939 232 7 1.373000
940 232 8 1.549000
941 234 9 1.722000
942 232 7 1.377000
943 229 7 1.357000
944 229 7 1.364000
945 225 8 1.523000
946 225 7 1.346000
947 225 8 1.523000
948 226 8 1.535000
949 226 7 1.361000
950 225 8 1.514000
951 225 8 1.528000
952 225 8 1.488000
953 226 8 1.490000
954 224 7 1.321000
955 223 8 1.499000
956 223 8 1.506000
957 224 8 1.497000
958 228 8 1.521000
959 227 8 1.524000
960 226 7 1.357000
961 226 8 1.512000
962 227 8 1.534000
963 227 8 1.509000
964 228 8 1.497000
965 229 8 1.523000
966 228 8 1.530000
967 232 8 1.506000
968 232 8 1.534000
969 232 8 1.520000
970 244 8 1.566000
971 245 8 1.558000
972 246 8 1.533000
973 246 8 1.536000
974 246 9 1.708000
975 244 8 1.539000
976 248 8 1.533000
977 252 8 1.517000
978 252 7 1.370000
979 252 8 1.543000
980 248 7 1.380000
981 245 7 1.350000
982 243 7 1.320000
983 243 9 1.647000
984 247 9 1.665000
985 241 9 1.655000
986 240 8 1.462000
987 236 7 1.329000
988 237 8 1.504000
989 239 8 1.532000
990 239 8 1.509000
991 239 7 1.328000
992 239 8 1.506000
993 241 8 1.511000
994 236 8 1.499000
995 236 8 1.487000
996 237 8 1.505000
997 238 8 1.499000
998 240 8 1.479000
999 241 8 1.474000
1000 235 7 1.344000
