# STEP_NO SUBSYSTEMS FINAL_ITERATIONS STEP_SECONDS
0 213 85 12.707000
1 215 23 3.554000
2 213 24 3.742000
3 214 24 3.725000
4 214 18 2.839000
5 214 18 2.854000
6 214 18 2.820000
7 214 19 3.011000
8 214 19 3.019000
9 214 18 2.899000
10 215 18 2.870000
11 212 18 2.921000
12 213 13 2.114000
13 214 18 2.818000
14 214 18 2.812000
15 214 18 2.744000
16 214 19 2.930000
17 213 19 2.907000
18 213 18 2.777000
19 214 18 2.772000
20 217 12 1.934000
21 213 19 3.000000
22 211 10 1.630000
23 213 9 1.491000
24 215 12 1.906000
25 215 8 1.317000
26 215 9 1.485000
27 214 8 1.348000
28 214 8 1.367000
29 214 8 1.343000
30 214 8 1.346000
31 216 8 1.315000
32 216 8 1.309000
33 216 8 1.330000
34 215 6 1.013000
35 215 7 1.156000
36 214 8 1.303000
37 213 8 1.298000
38 212 8 1.305000
39 212 8 1.276000
40 210 8 1.296000
41 210 8 1.306000
42 209 7 1.150000
43 210 7 1.149000
44 209 7 1.169000
45 211 8 1.323000
46 212 7 1.183000
47 212 7 1.179000
48 203 8 1.358000
49 203 8 1.332000
50 202 8 1.341000
51 202 8 1.338000
52 203 8 1.338000
53 202 8 1.349000
54 201 7 1.201000
55 201 8 1.358000
56 201 8 1.352000
57 202 8 1.346000
58 207 7 1.175000
59 208 7 1.161000
60 207 8 1.321000
61 207 8 1.323000
62 207 8 1.327000
63 207 8 1.331000
64 207 8 1.340000
65 208 8 1.323000
66 207 8 1.347000
67 204 8 1.351000
68 204 8 1.353000
69 204 8 1.365000
70 206 8 1.355000
71 204 8 1.366000
72 204 8 1.362000
73 204 8 1.362000
74 204 8 1.351000
75 204 7 1.199000
76 204 8 1.365000
77 204 8 1.344000
78 205 8 1.320000
79 204 8 1.328000
80 204 8 1.328000
81 208 9 1.493000
82 207 9 1.485000
83 205 7 1.182000
84 208 8 1.350000
85 208 8 1.331000
86 205 8 1.342000
87 204 8 1.343000
88 205 8 1.329000
89 204 7 1.179000
90 206 7 1.169000
91 206 8 1.332000
92 207 8 1.311000
93 207 8 1.316000
94 201 8 1.337000
95 207 8 1.303000
96 203 7 1.180000
97 201 7 1.180000
98 200 7 1.181000
99 201 7 1.189000
100 200 8 1.396000
101 200 8 1.395000
102 199 8 1.370000
103 198 8 1.381000
104 197 7 1.220000
105 197 7 1.220000
106 196 8 1.389000
107 209 9 1.556000
108 210 8 1.393000
109 210 8 1.408000
110 212 8 1.413000
111 212 7 1.268000
112 214 7 1.248000
113 214 7 1.232000
114 212 8 1.426000
115 212 8 1.408000
116 211 8 1.411000
117 210 8 1.411000
118 211 8 1.407000
119 214 7 1.242000
120 205 8 1.410000
121 205 8 1.400000
122 204 8 1.411000
123 205 9 1.558000
124 205 7 1.243000
125 207 8 1.384000
126 199 8 1.392000
127 197 8 1.378000
128 197 8 1.382000
129 197 8 1.372000
130 197 8 1.364000
131 199 8 1.368000
132 199 8 1.364000
133 197 8 1.386000
134 197 6 1.076000
135 197 6 1.070000
136 197 7 1.232000
137 197 7 1.245000
138 197 8 1.386000
139 195 8 1.398000
140 195 8 1.397000
141 195 8 1.390000
142 195 7 1.230000
143 195 8 1.399000
144 196 9 1.573000
145 197 8 1.406000
146 197 7 1.263000
147 193 8 1.436000
148 193 8 1.429000
149 193 8 1.433000
150 192 8 1.444000
151 191 8 1.402000
152 191 8 1.414000
153 191 7 1.245000
154 192 7 1.244000
155 192 7 1.236000
156 193 7 1.254000
157 195 8 1.424000
158 200 7 1.248000
159 200 7 1.273000
160 201 8 1.412000
161 202 8 1.411000
162 202 8 1.421000
163 205 8 1.372000
164 205 9 1.530000
165 202 8 1.389000
166 202 8 1.392000
167 203 8 1.396000
168 205 8 1.382000
169 204 8 1.384000
170 205 8 1.389000
171 206 8 1.373000
172 207 8 1.369000
173 210 8 1.378000
174 211 8 1.363000
175 211 7 1.227000
176 209 8 1.378000
177 210 7 1.218000
178 208 8 1.359000
179 208 8 1.362000
180 205 8 1.350000
181 205 8 1.353000
182 204 8 1.354000
183 203 8 1.358000
184 204 8 1.349000
185 203 8 1.356000
186 205 8 1.361000
187 204 7 1.203000
188 200 8 1.367000
189 200 8 1.371000
190 200 8 1.356000
191 199 8 1.352000
192 199 8 1.353000
193 199 8 1.355000
194 199 8 1.334000
195 200 7 1.196000
196 197 8 1.337000
197 203 8 1.374000
198 204 7 1.210000
199 202 8 1.394000
200 202 8 1.379000
201 202 7 1.231000
202 201 7 1.209000
203 200 8 1.365000
204 199 8 1.372000
205 201 8 1.371000
206 202 8 1.371000
207 202 8 1.368000
208 202 8 1.366000
209 201 8 1.344000
210 202 8 1.363000
211 202 8 1.335000
212 205 8 1.345000
213 205 8 1.382000
214 204 8 1.363000
215 203 8 1.365000
216 202 8 1.365000
217 202 7 1.220000
218 202 8 1.376000
219 208 8 1.347000
220 207 8 1.361000
221 206 8 1.348000
222 205 8 1.362000
223 205 8 1.366000
224 204 7 1.215000
225 205 8 1.357000
226 208 8 1.345000
227 209 8 1.357000
228 207 7 1.205000
229 207 7 1.194000
230 202 8 1.385000
231 198 7 1.260000
232 199 8 1.416000
233 199 7 1.252000
234 199 9 1.571000
235 199 9 1.574000
236 200 8 1.411000
237 200 7 1.261000
238 200 7 1.243000
239 200 8 1.402000
240 196 8 1.427000
241 197 8 1.394000
242 196 6 1.080000
243 196 7 1.219000
244 197 8 1.386000
245 193 8 1.395000
246 197 8 1.397000
247 197 8 1.403000
248 197 8 1.433000
249 196 8 1.423000
250 196 8 1.424000
251 196 7 1.264000
252 197 7 1.245000
253 197 8 1.453000
254 196 8 1.412000
255 197 7 1.238000
256 197 6 1.082000
257 197 8 1.402000
258 198 8 1.389000
259 199 8 1.417000
260 199 9 1.562000
261 198 9 1.560000
262 200 8 1.401000
263 200 7 1.227000
264 200 7 1.221000
265 200 7 1.233000
266 200 8 1.388000
267 200 7 1.236000
268 200 8 1.438000
269 192 8 1.406000
270 199 8 1.406000
271 199 8 1.407000
272 199 8 1.400000
273 199 8 1.388000
274 199 7 1.245000
275 203 8 1.383000
276 207 7 1.190000
277 207 8 1.333000
278 206 8 1.334000
279 206 7 1.185000
280 207 7 1.185000
281 205 7 1.182000
282 211 7 1.196000
283 211 8 1.354000
284 211 8 1.346000
285 212 7 1.197000
286 212 7 1.203000
287 214 8 1.372000
288 210 8 1.350000
289 210 8 1.345000
290 209 8 1.336000
291 209 8 1.334000
292 213 7 1.194000
293 213 8 1.354000
294 212 8 1.378000
295 210 8 1.366000
296 209 8 1.354000
297 210 7 1.219000
298 211 8 1.366000
299 210 8 1.360000
300 210 8 1.345000
301 210 8 1.359000
302 210 8 1.342000
303 210 9 1.514000
304 210 8 1.352000
305 210 8 1.349000
306 210 8 1.351000
307 208 8 1.338000
308 196 8 1.438000
309 197 8 1.424000
310 196 7 1.242000
311 196 8 1.435000
312 198 8 1.445000
313 198 8 1.431000
314 198 8 1.423000
315 199 8 1.415000
316 200 7 1.276000
317 200 8 1.429000
318 200 8 1.420000
319 199 8 1.425000
320 199 8 1.424000
321 198 7 1.288000
322 199 8 1.395000
323 199 8 1.400000
324 198 8 1.405000
325 198 8 1.424000
326 198 8 1.396000
327 198 8 1.415000
328 198 7 1.254000
329 199 8 1.416000
330 198 7 1.246000
331 198 8 1.410000
332 198 7 1.286000
333 200 7 1.249000
334 200 8 1.423000
335 200 8 1.418000
336 201 8 1.441000
337 201 7 1.294000
338 197 7 1.279000
339 198 8 1.445000
340 199 8 1.416000
341 198 7 1.261000
342 198 7 1.255000
343 200 8 1.397000
344 201 8 1.434000
345 201 8 1.430000
346 200 8 1.424000
347 201 8 1.434000
348 203 8 1.427000
349 203 7 1.257000
350 202 7 1.280000
351 201 8 1.471000
352 201 8 1.432000
353 202 8 1.439000
354 199 8 1.452000
355 200 8 1.458000
356 200 8 1.441000
357 200 8 1.426000
358 200 8 1.432000
359 199 8 1.429000
360 199 8 1.428000
361 200 7 1.246000
362 201 7 1.241000
363 200 8 1.430000
364 201 8 1.426000
365 202 8 1.401000
366 204 8 1.418000
367 204 8 1.411000
368 204 8 1.406000
369 204 8 1.413000
370 202 7 1.240000
371 202 6 1.084000
372 202 7 1.241000
373 202 7 1.239000
374 202 8 1.409000
375 202 8 1.420000
376 203 8 1.429000
377 202 8 1.427000
378 204 8 1.399000
379 205 8 1.378000
380 205 8 1.381000
381 206 8 1.377000
382 205 7 1.237000
383 205 7 1.226000
384 205 8 1.394000
385 207 7 1.226000
386 209 8 1.389000
387 208 8 1.371000
388 207 8 1.380000
389 206 8 1.374000
390 207 7 1.216000
391 208 7 1.223000
392 208 8 1.389000
393 214 8 1.429000
394 214 7 1.273000
395 212 8 1.411000
396 214 8 1.438000
397 214 8 1.413000
398 214 8 1.405000
399 214 8 1.413000
400 213 8 1.417000
401 202 8 1.444000
402 202 8 1.430000
403 205 8 1.397000
404 205 8 1.375000
405 208 7 1.230000
406 208 8 1.371000
407 202 8 1.421000
408 208 7 1.195000
409 209 8 1.367000
410 209 6 1.050000
411 207 7 1.207000
412 207 8 1.367000
413 207 8 1.372000
414 207 8 1.353000
415 207 8 1.367000
416 206 8 1.375000
417 206 7 1.214000
418 206 8 1.379000
419 206 8 1.387000
420 207 8 1.368000
421 209 8 1.389000
422 209 9 1.537000
423 209 8 1.376000
424 208 8 1.362000
425 208 8 1.371000
426 208 8 1.380000
427 208 8 1.392000
428 207 8 1.386000
429 207 8 1.388000
430 207 8 1.390000
431 210 7 1.252000
432 207 7 1.231000
433 206 7 1.235000
434 206 8 1.408000
435 206 8 1.407000
436 207 8 1.417000
437 206 8 1.418000
438 206 8 1.417000
439 205 8 1.432000
440 205 8 1.431000
441 206 7 1.253000
442 205 7 1.260000
443 204 7 1.275000
444 203 8 1.443000
445 202 8 1.426000
446 203 9 1.576000
447 204 8 1.413000
448 203 8 1.412000
449 202 8 1.437000
450 203 7 1.241000
451 203 8 1.404000
452 203 8 1.412000
453 203 7 1.251000
454 203 8 1.421000
455 203 7 1.238000
456 205 8 1.398000
457 206 8 1.392000
458 208 7 1.230000
459 209 7 1.219000
460 209 8 1.388000
461 210 7 1.257000
462 210 8 1.403000
463 211 7 1.250000
464 211 8 1.395000
465 212 8 1.394000
466 210 8 1.396000
467 211 8 1.396000
468 210 9 1.547000
469 210 9 1.570000
470 210 8 1.377000
471 210 8 1.390000
472 212 7 1.228000
473 212 7 1.220000
474 212 8 1.387000
475 212 9 1.549000
476 212 8 1.402000
477 212 8 1.369000
478 213 7 1.226000
479 213 8 1.428000
480 213 8 1.399000
481 213 9 1.588000
482 214 8 1.378000
483 214 8 1.373000
484 215 7 1.224000
485 214 8 1.360000
486 215 8 1.403000
487 215 8 1.379000
488 214 8 1.372000
489 215 7 1.219000
490 213 7 1.226000
491 213 8 1.377000
492 215 8 1.382000
493 216 8 1.390000
494 216 8 1.402000
495 216 8 1.388000
496 215 8 1.383000
497 215 7 1.230000
498 213 7 1.232000
499 214 7 1.226000
500 215 8 1.378000
501 214 7 1.221000
502 213 7 1.229000
503 213 8 1.384000
504 215 8 1.364000
505 214 8 1.365000
506 213 8 1.363000
507 213 7 1.221000
508 213 7 1.211000
509 213 8 1.376000
510 211 8 1.375000
511 212 8 1.377000
512 209 8 1.341000
513 210 8 1.343000
514 208 6 1.059000
515 208 8 1.369000
516 212 8 1.381000
517 211 8 1.379000
518 210 7 1.222000
519 210 7 1.236000
520 210 8 1.355000
521 210 8 1.395000
522 210 8 1.389000
523 210 9 1.539000
524 209 8 1.377000
525 210 8 1.363000
526 209 7 1.210000
527 208 8 1.354000
528 208 8 1.368000
529 207 8 1.360000
530 209 8 1.350000
531 208 8 1.356000
532 208 8 1.346000
533 208 8 1.360000
534 208 7 1.207000
535 206 8 1.395000
536 208 8 1.389000
537 207 7 1.246000
538 205 8 1.386000
539 205 8 1.378000
540 204 8 1.377000
541 210 8 1.389000
542 213 8 1.391000
543 213 8 1.400000
544 213 8 1.385000
545 212 8 1.399000
546 211 8 1.364000
547 210 8 1.374000
548 209 8 1.389000
549 209 8 1.386000
550 209 8 1.384000
551 207 7 1.232000
552 208 8 1.393000
553 209 8 1.382000
554 210 8 1.418000
555 212 9 1.574000
556 210 8 1.404000
557 207 8 1.408000
558 207 8 1.410000
559 209 8 1.412000
560 209 8 1.420000
561 210 8 1.444000
562 210 8 1.427000
563 211 8 1.447000
564 210 8 1.469000
565 214 7 1.303000
566 214 7 1.316000
567 211 9 1.640000
568 207 9 1.560000
569 207 7 1.261000
570 204 8 1.402000
571 204 8 1.406000
572 205 8 1.428000
573 205 8 1.420000
574 206 8 1.425000
575 206 8 1.425000
576 206 8 1.419000
577 207 7 1.252000
578 206 8 1.418000
579 204 8 1.418000
580 204 7 1.251000
581 206 8 1.406000
582 206 8 1.410000
583 206 8 1.391000
584 205 8 1.444000
585 207 8 1.419000
586 207 8 1.434000
587 207 7 1.291000
588 206 8 1.441000
589 206 8 1.419000
590 206 7 1.271000
591 208 7 1.282000
592 210 7 1.278000
593 211 7 1.288000
594 209 7 1.344000
595 210 7 1.280000
596 210 6 1.127000
597 208 7 1.294000
598 212 8 1.433000
599 211 8 1.437000
600 199 8 1.423000
601 198 8 1.422000
602 198 8 1.441000
603 201 8 1.402000
604 201 8 1.407000
605 201 8 1.427000
606 201 8 1.415000
607 202 8 1.416000
608 202 8 1.419000
609 202 8 1.421000
610 204 8 1.411000
611 203 8 1.411000
612 202 8 1.415000
613 203 8 1.390000
614 202 8 1.389000
615 201 8 1.393000
616 201 7 1.220000
617 201 7 1.243000
618 201 7 1.225000
619 201 8 1.411000
620 201 7 1.223000
621 201 7 1.222000
622 201 8 1.381000
623 203 8 1.398000
624 203 7 1.224000
625 204 7 1.218000
626 203 8 1.371000
627 203 8 1.368000
628 203 8 1.367000
629 203 7 1.196000
630 205 7 1.190000
631 204 8 1.355000
632 205 7 1.205000
633 206 8 1.359000
634 204 7 1.206000
635 204 7 1.214000
636 205 8 1.371000
637 204 8 1.394000
638 204 8 1.363000
639 204 8 1.362000
640 203 8 1.357000
641 204 8 1.357000
642 204 7 1.206000
643 204 8 1.355000
644 205 8 1.368000
645 203 7 1.229000
646 202 8 1.369000
647 203 8 1.363000
648 201 8 1.379000
649 201 8 1.366000
650 203 9 1.530000
651 203 7 1.202000
652 203 7 1.219000
653 204 8 1.362000
654 206 8 1.405000
655 207 8 1.371000
656 206 8 1.374000
657 207 8 1.367000
658 199 8 1.376000
659 198 9 1.545000
660 198 8 1.394000
661 198 7 1.224000
662 202 7 1.234000
663 203 8 1.419000
664 202 8 1.414000
665 202 8 1.405000
666 200 8 1.421000
667 196 8 1.439000
668 197 7 1.267000
669 197 8 1.430000
670 197 8 1.452000
671 198 7 1.284000
672 198 8 1.453000
673 196 8 1.451000
674 198 8 1.448000
675 198 8 1.439000
676 198 8 1.437000
677 198 7 1.268000
678 199 8 1.456000
679 199 7 1.274000
680 199 8 1.442000
681 197 9 1.604000
682 197 8 1.464000
683 195 8 1.484000
684 195 8 1.463000
685 196 7 1.310000
686 195 8 1.504000
687 196 8 1.447000
688 197 8 1.449000
689 200 8 1.444000
690 196 8 1.464000
691 196 8 1.441000
692 197 8 1.426000
693 200 7 1.289000
694 200 8 1.440000
695 199 8 1.439000
696 199 8 1.434000
697 198 8 1.449000
698 199 8 1.435000
699 199 7 1.279000
700 198 8 1.446000
701 200 8 1.438000
702 200 7 1.268000
703 198 7 1.312000
704 200 8 1.467000
705 200 7 1.306000
706 201 8 1.464000
707 201 9 1.616000
708 201 8 1.438000
709 201 7 1.294000
710 201 7 1.311000
711 201 7 1.310000
712 202 7 1.268000
713 202 7 1.249000
714 202 8 1.428000
715 201 8 1.461000
716 201 8 1.446000
717 201 8 1.447000
718 206 8 1.470000
719 207 8 1.459000
720 207 8 1.453000
721 206 8 1.443000
722 204 9 1.618000
723 204 8 1.473000
724 205 8 1.417000
725 205 8 1.422000
726 205 7 1.257000
727 205 6 1.094000
728 204 7 1.285000
729 203 8 1.436000
730 203 8 1.455000
731 204 7 1.269000
732 201 7 1.302000
733 201 8 1.442000
734 196 8 1.440000
735 203 8 1.400000
736 203 8 1.382000
737 203 8 1.373000
738 205 8 1.382000
739 206 8 1.376000
740 207 8 1.391000
741 207 8 1.396000
742 203 7 1.233000
743 198 7 1.236000
744 198 8 1.403000
745 198 8 1.407000
746 198 8 1.435000
747 198 8 1.414000
748 199 8 1.427000
749 199 8 1.417000
750 199 7 1.267000
751 199 8 1.407000
752 200 8 1.404000
753 199 8 1.448000
754 199 7 1.269000
755 199 8 1.447000
756 198 8 1.435000
757 197 8 1.424000
758 197 8 1.402000
759 197 8 1.433000
760 197 8 1.406000
761 197 8 1.411000
762 196 8 1.449000
763 196 8 1.424000
764 195 8 1.429000
765 197 8 1.439000
766 197 8 1.418000
767 196 8 1.428000
768 197 8 1.436000
769 199 8 1.393000
770 199 7 1.247000
771 199 7 1.236000
772 198 8 1.417000
773 198 8 1.395000
774 200 8 1.376000
775 201 8 1.378000
776 200 8 1.385000
777 198 8 1.374000
778 198 8 1.377000
779 199 8 1.370000
780 200 8 1.377000
781 199 7 1.225000
782 202 7 1.210000
783 201 8 1.375000
784 201 8 1.367000
785 200 8 1.388000
786 199 7 1.242000
787 199 7 1.241000
788 198 8 1.406000
789 197 8 1.391000
790 197 9 1.560000
791 197 8 1.399000
792 196 8 1.394000
793 195 7 1.246000
794 196 8 1.405000
795 196 8 1.402000
796 195 8 1.385000
797 195 8 1.387000
798 197 8 1.432000
799 197 7 1.238000
800 197 8 1.415000
801 197 8 1.437000
802 196 7 1.281000
803 197 8 1.426000
804 196 8 1.393000
805 196 8 1.384000
806 196 7 1.261000
807 196 7 1.237000
808 196 8 1.414000
809 196 8 1.416000
810 196 8 1.392000
811 196 8 1.391000
812 196 8 1.404000
813 196 8 1.392000
814 195 8 1.403000
815 195 8 1.407000
816 194 8 1.411000
817 194 8 1.416000
818 196 7 1.243000
819 196 8 1.413000
820 196 8 1.425000
821 196 7 1.239000
822 195 8 1.402000
823 195 8 1.414000
824 194 8 1.392000
825 193 7 1.263000
826 193 9 1.603000
827 198 8 1.359000
828 198 7 1.209000
829 198 8 1.355000
830 198 8 1.384000
831 199 8 1.347000
832 201 8 1.349000
833 201 7 1.209000
834 202 7 1.209000
835 202 8 1.372000
836 203 8 1.384000
837 203 7 1.238000
838 202 8 1.401000
839 201 8 1.398000
840 201 8 1.386000
841 201 7 1.218000
842 202 6 1.065000
843 202 7 1.208000
844 201 8 1.367000
845 200 8 1.386000
846 203 8 1.373000
847 201 8 1.370000
848 196 8 1.381000
849 197 8 1.404000
850 194 8 1.363000
851 195 8 1.376000
852 195 8 1.360000
853 195 8 1.354000
854 196 8 1.384000
855 200 8 1.379000
856 200 7 1.211000
857 199 7 1.209000
858 200 7 1.215000
859 200 9 1.524000
860 200 8 1.365000
861 201 8 1.364000
862 201 8 1.368000
863 201 8 1.369000
864 201 8 1.362000
865 199 7 1.194000
866 199 8 1.366000
867 199 8 1.350000
868 200 8 1.357000
869 200 8 1.359000
870 200 7 1.206000
871 201 8 1.342000
872 203 8 1.371000
873 202 7 1.208000
874 202 8 1.366000
875 201 9 1.515000
876 201 8 1.364000
877 200 8 1.376000
878 200 8 1.371000
879 199 8 1.358000
880 197 8 1.409000
881 197 8 1.404000
882 196 8 1.413000
883 196 8 1.425000
884 196 7 1.258000
885 197 8 1.409000
886 196 8 1.411000
887 195 8 1.402000
888 194 8 1.418000
889 194 8 1.401000
890 194 8 1.403000
891 194 7 1.237000
892 193 7 1.235000
893 195 8 1.381000
894 197 8 1.398000
895 198 8 1.416000
896 198 8 1.388000
897 196 9 1.542000
898 198 8 1.381000
899 198 8 1.378000
900 196 8 1.402000
901 196 8 1.380000
902 195 8 1.393000
903 196 8 1.383000
904 196 8 1.402000
905 196 8 1.398000
906 196 8 1.400000
907 195 8 1.398000
908 195 8 1.375000
909 195 8 1.396000
910 204 9 1.527000
911 203 8 1.381000
912 202 8 1.385000
913 201 8 1.380000
914 201 8 1.403000
915 201 8 1.397000
916 202 9 1.560000
917 196 8 1.376000
918 195 8 1.391000
919 195 8 1.411000
920 194 7 1.239000
921 198 7 1.195000
922 198 7 1.181000
923 199 7 1.201000
924 198 7 1.201000
925 199 8 1.354000
926 197 8 1.422000
927 198 8 1.414000
928 200 8 1.421000
929 194 8 1.361000
930 193 8 1.363000
931 193 8 1.381000
932 195 8 1.361000
933 194 8 1.363000
934 195 8 1.380000
935 195 7 1.206000
936 194 7 1.184000
937 194 7 1.200000
938 195 7 1.190000
939 196 8 1.342000
940 197 8 1.367000
941 197 8 1.355000
942 196 8 1.372000
943 198 8 1.355000
944 198 8 1.373000
945 198 7 1.213000
946 206 8 1.327000
947 203 8 1.350000
948 201 8 1.356000
949 201 8 1.361000
950 203 8 1.328000
951 203 9 1.468000
952 204 8 1.323000
953 204 9 1.481000
954 203 8 1.342000
955 204 8 1.302000
956 204 8 1.307000
957 205 8 1.310000
958 204 8 1.305000
959 208 7 1.156000
960 206 7 1.162000
961 205 8 1.309000
962 205 8 1.301000
963 206 8 1.312000
964 206 8 1.298000
965 206 8 1.304000
966 207 8 1.279000
967 207 9 1.431000
968 208 8 1.308000
969 206 8 1.304000
970 206 9 1.452000
971 206 9 1.466000
972 206 8 1.321000
973 205 8 1.309000
974 205 8 1.329000
975 204 8 1.336000
976 203 8 1.350000
977 202 8 1.351000
978 202 8 1.330000
979 201 8 1.327000
980 200 8 1.344000
981 200 9 1.502000
982 200 9 1.504000
983 199 8 1.361000
984 199 7 1.201000
985 199 7 1.207000
986 199 8 1.346000
987 199 8 1.342000
988 200 7 1.193000
989 201 8 1.359000
990 202 8 1.339000
991 201 8 1.378000
992 204 9 1.529000
993 204 8 1.376000
994 205 7 1.189000
995 206 7 1.182000
996 202 6 1.053000
997 202 8 1.357000
998 203 8 1.357000
999 203 8 1.348000
1000 203 8 1.346000
