# TIME(ps) TEMP(K)
0.000 0.00
0.500 44.25
1.000 28.99
1.500 21.66
2.000 17.37
2.500 16.50
3.000 17.44
3.500 20.95
4.000 21.31
4.500 24.89
5.000 29.35
5.500 30.64
6.000 34.03
6.500 36.91
7.000 39.37
7.500 41.46
8.000 45.24
8.500 48.38
9.000 51.71
9.500 52.79
10.000 56.35
10.500 57.82
11.000 66.66
11.500 67.87
12.000 68.23
12.500 73.69
13.000 73.77
13.500 80.89
14.000 80.74
14.500 81.67
15.000 87.41
15.500 89.11
16.000 90.10
16.500 96.34
17.000 97.51
17.500 106.24
18.000 106.22
18.500 110.73
19.000 110.95
19.500 112.48
20.000 115.36
20.500 117.81
21.000 124.23
21.500 128.00
22.000 126.04
22.500 133.23
23.000 136.19
23.500 139.62
24.000 144.56
24.500 151.69
25.000 147.18
25.500 149.51
26.000 147.21
26.500 157.20
27.000 154.13
27.500 163.48
28.000 162.95
28.500 167.40
29.000 174.41
29.500 171.46
30.000 176.41
30.500 184.36
31.000 183.01
31.500 183.84
32.000 194.43
32.500 198.63
33.000 196.39
33.500 196.28
34.000 198.81
34.500 196.04
35.000 201.38
35.500 214.59
36.000 212.13
36.500 212.49
37.000 215.33
37.500 218.88
38.000 227.84
38.500 223.54
39.000 228.26
39.500 231.31
40.000 242.14
40.500 248.46
41.000 238.02
41.500 236.64
42.000 247.53
42.500 246.65
43.000 256.44
43.500 257.36
44.000 263.77
44.500 254.98
45.000 255.74
45.500 264.77
46.000 269.92
46.500 277.50
47.000 270.08
47.500 278.95
48.000 282.73
48.500 300.46
49.000 288.68
49.500 286.79
50.000 287.70
50.500 293.29
51.000 295.53
51.500 280.43
52.000 304.27
52.500 295.65
53.000 284.07
53.500 292.45
54.000 292.76
54.500 297.16
55.000 301.06
55.500 304.57
56.000 305.81
56.500 296.52
57.000 301.58
57.500 304.69
58.000 305.68
58.500 284.46
59.000 305.91
59.500 294.81
60.000 296.15
60.500 305.57
61.000 303.00
61.500 308.79
62.000 288.41
62.500 300.67
63.000 307.74
63.500 292.67
64.000 285.71
64.500 307.36
65.000 291.85
65.500 308.56
66.000 277.91
66.500 293.22
67.000 296.38
67.500 293.84
68.000 289.53
68.500 302.63
69.000 298.99
69.500 316.03
70.000 302.25
70.500 290.00
71.000 299.17
71.500 306.39
72.000 290.76
72.500 287.47
73.000 304.64
73.500 302.42
74.000 301.00
74.500 289.75
75.000 296.62
75.500 309.35
76.000 299.76
76.500 303.02
77.000 302.84
77.500 294.97
78.000 315.65
78.500 316.75
79.000 310.14
79.500 293.06
80.000 310.42
80.500 302.77
81.000 298.60
81.500 299.39
82.000 309.35
82.500 302.52
83.000 291.50
83.500 303.55
84.000 296.95
84.500 287.38
85.000 285.66
85.500 294.10
86.000 299.93
86.500 289.57
87.000 296.29
87.500 290.95
88.000 295.53
88.500 303.20
89.000 297.01
89.500 300.10
90.000 303.97
90.500 305.76
91.000 300.51
91.500 310.16
92.000 316.71
92.500 290.38
93.000 304.31
93.500 302.25
94.000 318.18
94.500 301.70
95.000 305.37
95.500 308.75
96.000 309.80
96.500 314.04
97.000 300.09
97.500 297.57
98.000 307.21
98.500 299.13
99.000 312.09
99.500 298.97
100.000 304.49
100.500 291.01
101.000 280.01
101.500 295.36
102.000 291.91
102.500 307.43
103.000 295.90
103.500 306.04
104.000 286.62
104.500 299.72
105.000 306.68
105.500 308.97
106.000 312.28
106.500 293.23
107.000 318.30
107.500 296.10
108.000 311.76
108.500 318.11
109.000 311.04
109.500 302.22
110.000 305.44
110.500 302.68
111.000 292.37
111.500 296.67
112.000 303.04
112.500 295.63
113.000 299.27
113.500 307.04
114.000 308.95
114.500 286.84
115.000 307.31
115.500 288.37
116.000 301.11
116.500 302.93
117.000 312.51
117.500 299.48
118.000 296.36
118.500 312.85
119.000 311.14
119.500 306.64
120.000 293.22
120.500 296.74
121.000 297.95
121.500 305.92
122.000 301.92
122.500 294.45
123.000 309.97
123.500 296.02
124.000 298.64
124.500 305.74
125.000 305.52
125.500 300.64
126.000 301.32
126.500 304.27
127.000 302.53
127.500 285.95
128.000 299.83
128.500 306.22
129.000 307.28
129.500 304.35
130.000 295.93
130.500 313.57
131.000 283.61
131.500 305.30
132.000 292.00
132.500 302.67
133.000 289.16
133.500 307.69
134.000 298.70
134.500 306.17
135.000 303.55
135.500 290.78
136.000 313.07
136.500 291.60
137.000 298.46
137.500 304.37
138.000 292.16
138.500 293.61
139.000 291.31
139.500 290.28
140.000 303.10
140.500 300.64
141.000 308.61
141.500 301.59
142.000 305.64
142.500 299.22
143.000 300.16
143.500 312.66
144.000 295.20
144.500 310.18
145.000 306.98
145.500 299.27
146.000 304.03
146.500 306.50
147.000 292.02
147.500 302.32
148.000 300.40
148.500 302.61
149.000 304.34
149.500 309.59
150.000 295.61
150.500 296.57
151.000 304.52
151.500 295.06
152.000 289.96
152.500 289.26
153.000 300.28
153.500 307.29
154.000 286.89
154.500 303.07
155.000 297.87
155.500 303.16
156.000 305.47
156.500 305.71
157.000 303.51
157.500 299.81
158.000 308.67
158.500 307.06
159.000 310.36
159.500 302.03
160.000 302.50
160.500 305.23
161.000 311.93
161.500 298.04
162.000 296.74
162.500 292.66
163.000 305.36
163.500 302.36
164.000 310.41
164.500 297.75
165.000 301.65
165.500 300.13
166.000 306.54
166.500 306.34
167.000 294.45
167.500 296.89
168.000 303.84
168.500 292.55
169.000 292.66
169.500 297.53
170.000 293.47
170.500 307.08
171.000 305.34
171.500 302.15
172.000 298.64
172.500 301.03
173.000 305.79
173.500 319.65
174.000 296.77
174.500 297.34
175.000 318.01
175.500 313.62
176.000 305.93
176.500 310.75
177.000 288.42
177.500 298.91
178.000 314.29
178.500 305.25
179.000 292.17
179.500 318.03
180.000 296.40
180.500 313.12
181.000 298.74
181.500 300.09
182.000 308.93
182.500 308.19
183.000 290.07
183.500 299.37
184.000 303.93
184.500 287.91
185.000 298.64
185.500 305.03
186.000 294.81
186.500 306.95
187.000 294.17
187.500 290.36
188.000 307.52
188.500 297.99
189.000 279.63
189.500 298.33
190.000 292.60
190.500 291.18
191.000 301.14
191.500 293.89
192.000 299.09
192.500 312.73
193.000 302.28
193.500 297.39
194.000 305.17
194.500 298.77
195.000 300.31
195.500 305.63
196.000 305.75
196.500 294.34
197.000 304.03
197.500 310.68
198.000 293.04
198.500 299.40
199.000 298.68
199.500 295.47
200.000 301.40
200.500 300.13
201.000 287.97
201.500 298.06
202.000 312.56
202.500 295.88
203.000 299.98
203.500 298.61
204.000 289.20
204.500 297.80
205.000 293.97
205.500 309.22
206.000 297.52
206.500 296.05
207.000 294.88
207.500 291.60
208.000 292.65
208.500 301.90
209.000 289.08
209.500 296.00
210.000 300.06
210.500 308.79
211.000 306.57
211.500 304.26
212.000 305.24
212.500 292.29
213.000 297.88
213.500 295.64
214.000 294.49
214.500 295.13
215.000 296.98
215.500 287.75
216.000 292.23
216.500 299.34
217.000 299.46
217.500 292.36
218.000 297.12
218.500 300.13
219.000 300.05
219.500 292.36
220.000 303.14
220.500 292.45
221.000 294.45
221.500 283.20
222.000 295.75
222.500 299.73
223.000 305.48
223.500 316.44
224.000 287.97
224.500 304.42
225.000 307.49
225.500 301.58
226.000 295.12
226.500 300.26
227.000 286.61
227.500 297.85
228.000 291.53
228.500 300.64
229.000 293.49
229.500 294.25
230.000 310.51
230.500 301.37
231.000 300.13
231.500 301.14
232.000 288.23
232.500 332.30
233.000 292.43
233.500 305.45
234.000 292.19
234.500 287.59
235.000 291.92
235.500 299.83
236.000 300.09
236.500 307.21
237.000 299.02
237.500 312.27
238.000 307.44
238.500 295.55
239.000 295.53
239.500 295.50
240.000 295.45
240.500 298.65
241.000 300.06
241.500 296.07
242.000 299.32
242.500 311.80
243.000 292.48
243.500 290.81
244.000 309.70
244.500 306.54
245.000 321.26
245.500 303.41
246.000 296.41
246.500 299.98
247.000 296.24
247.500 298.85
248.000 312.35
248.500 311.52
249.000 300.72
249.500 292.52
250.000 295.04
