# TIME(ps) DENSITY(g/cm^3)
150.500 0.6074
151.000 0.6132
151.500 0.6188
152.000 0.6263
152.500 0.6330
153.000 0.6398
153.500 0.6467
154.000 0.6527
154.500 0.6591
155.000 0.6653
155.500 0.6728
156.000 0.6823
156.500 0.6902
157.000 0.6978
157.500 0.7052
158.000 0.7109
158.500 0.7189
159.000 0.7270
159.500 0.7342
160.000 0.7420
160.500 0.7530
161.000 0.7651
161.500 0.7731
162.000 0.7838
162.500 0.7927
163.000 0.8025
163.500 0.8129
164.000 0.8218
164.500 0.8314
165.000 0.8406
165.500 0.8513
166.000 0.8634
166.500 0.8719
167.000 0.8813
167.500 0.8937
168.000 0.9060
168.500 0.9179
169.000 0.9254
169.500 0.9322
170.000 0.9369
170.500 0.9428
171.000 0.9518
171.500 0.9587
172.000 0.9673
172.500 0.9737
173.000 0.9759
173.500 0.9834
174.000 0.9864
174.500 0.9871
175.000 0.9922
175.500 0.9928
176.000 0.9956
176.500 0.9989
177.000 1.0019
177.500 1.0033
178.000 1.0039
178.500 1.0030
179.000 1.0029
179.500 1.0057
180.000 1.0035
180.500 1.0030
181.000 1.0067
181.500 1.0072
182.000 1.0079
182.500 1.0050
183.000 1.0041
183.500 1.0050
184.000 1.0037
184.500 1.0067
185.000 1.0126
185.500 1.0178
186.000 1.0156
186.500 1.0116
187.000 1.0115
187.500 1.0125
188.000 1.0127
188.500 1.0148
189.000 1.0152
189.500 1.0129
190.000 1.0148
190.500 1.0161
191.000 1.0180
191.500 1.0169
192.000 1.0134
192.500 1.0111
193.000 1.0109
193.500 1.0105
194.000 1.0122
194.500 1.0120
195.000 1.0103
195.500 1.0103
196.000 1.0074
196.500 1.0086
197.000 1.0092
197.500 1.0057
198.000 1.0056
198.500 1.0053
199.000 1.0050
199.500 1.0056
200.000 1.0069
200.500 1.0071
201.000 1.0091
201.500 1.0108
202.000 1.0114
202.500 1.0157
203.000 1.0178
203.500 1.0170
204.000 1.0167
204.500 1.0169
205.000 1.0174
205.500 1.0162
206.000 1.0114
206.500 1.0114
207.000 1.0104
207.500 1.0108
208.000 1.0149
208.500 1.0158
209.000 1.0146
209.500 1.0120
210.000 1.0146
210.500 1.0138
211.000 1.0103
211.500 1.0050
212.000 1.0040
212.500 1.0037
213.000 1.0006
213.500 1.0009
214.000 1.0003
214.500 1.0045
215.000 1.0040
215.500 1.0077
216.000 1.0090
216.500 1.0085
217.000 1.0093
217.500 1.0084
218.000 1.0060
218.500 1.0012
219.000 1.0025
219.500 1.0039
220.000 1.0027
220.500 1.0049
221.000 1.0019
221.500 1.0027
222.000 1.0008
222.500 1.0073
223.000 1.0078
223.500 1.0064
224.000 1.0114
224.500 1.0164
225.000 1.0176
225.500 1.0155
226.000 1.0159
226.500 1.0120
227.000 1.0167
227.500 1.0163
228.000 1.0160
228.500 1.0161
229.000 1.0167
229.500 1.0161
230.000 1.0168
230.500 1.0143
231.000 1.0147
231.500 1.0144
232.000 1.0155
232.500 1.0143
233.000 1.0136
233.500 1.0162
234.000 1.0142
234.500 1.0149
235.000 1.0144
235.500 1.0187
236.000 1.0203
236.500 1.0173
237.000 1.0133
237.500 1.0119
238.000 1.0073
238.500 1.0054
239.000 1.0089
239.500 1.0081
240.000 1.0063
240.500 1.0048
241.000 1.0041
241.500 1.0055
242.000 1.0079
242.500 1.0145
243.000 1.0129
243.500 1.0183
244.000 1.0207
244.500 1.0193
245.000 1.0174
245.500 1.0136
246.000 1.0101
246.500 1.0095
247.000 1.0071
247.500 1.0102
248.000 1.0143
248.500 1.0129
249.000 1.0068
249.500 1.0093
250.000 1.0087
