# STEP_NO SUBSYSTEMS FINAL_ITERATIONS STEP_SECONDS
0 116 11 1.039000
1 116 8 0.781000
2 116 8 0.736000
3 117 7 0.677000
4 117 7 0.648000
5 116 7 0.648000
6 115 6 0.571000
7 114 7 0.690000
8 115 7 0.671000
9 116 7 0.670000
10 116 7 0.668000
11 117 7 0.671000
12 118 7 0.690000
13 117 7 0.690000
14 117 7 0.662000
15 116 7 0.662000
16 117 7 0.652000
17 118 7 0.649000
18 117 7 0.688000
19 117 7 0.678000
20 117 5 0.491000
21 121 5 0.503000
22 122 6 0.597000
23 115 7 0.657000
24 115 7 0.689000
25 113 6 0.578000
26 113 6 0.569000
27 114 6 0.586000
28 114 7 0.658000
29 115 7 0.663000
30 115 7 0.660000
31 115 7 0.696000
32 119 6 0.579000
33 119 6 0.584000
34 119 7 0.687000
35 117 7 0.693000
36 113 6 0.568000
37 112 6 0.570000
38 115 6 0.589000
39 114 6 0.557000
40 112 7 0.647000
41 111 6 0.565000
42 111 6 0.570000
43 111 6 0.576000
44 111 6 0.574000
45 116 7 0.688000
46 116 7 0.688000
47 116 7 0.678000
48 116 7 0.700000
49 115 7 0.672000
50 115 6 0.568000
51 113 6 0.561000
52 113 6 0.569000
53 113 7 0.668000
54 112 7 0.646000
55 112 6 0.561000
56 112 6 0.552000
57 112 7 0.639000
58 113 6 0.555000
59 114 7 0.651000
60 114 7 0.706000
61 114 7 0.697000
62 114 7 0.657000
63 115 7 0.674000
64 116 7 0.702000
65 116 7 0.679000
66 116 7 0.640000
67 116 7 0.639000
68 116 6 0.556000
69 116 7 0.665000
70 116 7 0.665000
71 115 7 0.667000
72 114 7 0.638000
73 114 7 0.643000
74 114 6 0.564000
75 112 7 0.639000
76 112 7 0.653000
77 112 7 0.657000
78 112 7 0.681000
79 112 7 0.694000
80 113 7 0.696000
81 113 7 0.653000
82 114 7 0.653000
83 114 7 0.641000
84 116 8 0.744000
85 116 7 0.683000
86 116 7 0.673000
87 116 7 0.671000
88 116 7 0.682000
89 119 7 0.706000
90 119 7 0.637000
91 121 7 0.690000
92 120 7 0.654000
93 123 7 0.660000
94 122 7 0.684000
95 122 7 0.702000
96 122 7 0.678000
97 122 7 0.678000
98 121 7 0.676000
99 121 6 0.595000
100 122 6 0.557000
101 122 6 0.588000
102 122 6 0.615000
103 122 7 0.693000
104 122 7 0.679000
105 122 6 0.611000
106 124 7 0.660000
107 124 7 0.671000
108 124 6 0.616000
109 123 6 0.573000
110 123 6 0.617000
111 123 6 0.566000
112 123 7 0.695000
113 123 7 0.636000
114 123 7 0.660000
115 125 7 0.660000
116 124 7 0.673000
117 124 7 0.684000
118 124 7 0.677000
119 123 7 0.695000
120 122 7 0.678000
121 122 7 0.642000
122 122 6 0.633000
123 123 6 0.630000
124 123 7 0.721000
125 123 6 0.635000
126 123 6 0.598000
127 123 7 0.664000
128 124 6 0.615000
129 124 6 0.613000
130 117 6 0.565000
131 117 6 0.554000
132 116 7 0.627000
133 117 7 0.716000
134 117 7 0.674000
135 116 6 0.593000
136 115 7 0.629000
137 112 6 0.561000
138 114 6 0.614000
139 115 7 0.663000
140 115 7 0.662000
141 115 7 0.652000
142 115 7 0.656000
143 117 7 0.651000
144 118 7 0.643000
145 117 6 0.544000
146 117 6 0.538000
147 116 6 0.580000
148 117 6 0.581000
149 119 7 0.673000
150 119 7 0.638000
151 119 6 0.565000
152 115 6 0.560000
153 115 7 0.653000
154 116 6 0.560000
155 115 6 0.558000
156 117 7 0.667000
157 117 7 0.664000
158 116 6 0.597000
159 116 7 0.673000
160 117 6 0.565000
161 117 5 0.502000
162 118 6 0.606000
163 118 7 0.661000
164 117 7 0.653000
165 117 7 0.698000
166 117 6 0.602000
167 115 6 0.591000
168 116 7 0.708000
169 115 6 0.622000
170 115 6 0.632000
171 117 6 0.588000
172 117 7 0.686000
173 116 7 0.655000
174 116 7 0.691000
175 116 7 0.674000
176 117 7 0.653000
177 119 7 0.687000
178 119 7 0.676000
179 119 7 0.677000
180 119 7 0.682000
181 120 7 0.656000
182 120 6 0.595000
183 118 6 0.586000
184 119 6 0.591000
185 119 5 0.487000
186 120 6 0.581000
187 120 7 0.687000
188 120 7 0.735000
189 120 7 0.733000
190 121 7 0.711000
191 122 7 0.700000
192 121 7 0.663000
193 122 6 0.610000
194 122 7 0.744000
195 123 7 0.711000
196 121 7 0.689000
197 120 7 0.702000
198 120 7 0.689000
199 121 7 0.675000
200 122 7 0.684000
201 122 6 0.578000
202 122 5 0.475000
203 122 6 0.614000
204 121 7 0.684000
205 119 7 0.688000
206 119 7 0.733000
207 119 7 0.727000
208 119 7 0.694000
209 119 7 0.693000
210 119 7 0.730000
211 117 6 0.581000
212 118 7 0.680000
213 118 7 0.712000
214 118 6 0.627000
215 118 7 0.696000
216 117 7 0.708000
217 117 7 0.708000
218 116 7 0.711000
219 116 7 0.711000
220 117 6 0.590000
221 117 6 0.610000
222 117 6 0.599000
223 117 6 0.592000
224 118 7 0.685000
225 117 7 0.710000
226 117 7 0.665000
227 117 7 0.648000
228 116 7 0.654000
229 116 7 0.649000
230 116 7 0.667000
231 116 7 0.680000
232 116 7 0.662000
233 116 6 0.593000
234 116 6 0.590000
235 117 6 0.587000
236 117 6 0.602000
237 116 6 0.626000
238 116 6 0.607000
239 124 6 0.580000
240 124 7 0.667000
241 123 7 0.657000
242 117 7 0.695000
243 115 7 0.727000
244 115 7 0.719000
245 117 6 0.587000
246 117 6 0.596000
247 117 6 0.596000
248 118 6 0.557000
249 118 6 0.569000
250 119 6 0.564000
251 116 7 0.695000
252 116 7 0.692000
253 116 7 0.682000
254 117 7 0.669000
255 117 7 0.675000
256 115 7 0.701000
257 115 7 0.686000
258 117 7 0.665000
259 116 6 0.574000
260 117 7 0.685000
261 117 6 0.574000
262 117 7 0.666000
263 116 7 0.706000
264 116 6 0.631000
265 116 6 0.604000
266 115 6 0.573000
267 123 6 0.600000
268 124 7 0.679000
269 124 7 0.724000
270 123 7 0.687000
271 122 7 0.724000
272 124 7 0.713000
273 123 7 0.677000
274 121 7 0.686000
275 121 7 0.648000
276 120 7 0.659000
277 120 7 0.682000
278 120 7 0.705000
279 122 6 0.585000
280 122 5 0.510000
281 123 6 0.576000
282 123 6 0.565000
283 123 6 0.606000
284 123 6 0.607000
285 128 6 0.589000
286 125 6 0.582000
287 123 7 0.659000
288 123 6 0.619000
289 123 6 0.600000
290 124 6 0.580000
291 124 7 0.664000
292 123 6 0.588000
293 123 6 0.604000
294 122 6 0.620000
295 124 7 0.739000
296 124 6 0.594000
297 125 7 0.687000
298 125 7 0.686000
299 125 7 0.670000
300 125 7 0.715000
301 125 7 0.692000
302 123 7 0.691000
303 124 7 0.696000
304 124 7 0.685000
305 124 7 0.731000
306 122 7 0.672000
307 122 8 0.791000
308 123 7 0.719000
309 123 7 0.723000
310 125 6 0.633000
311 125 6 0.589000
312 125 7 0.688000
313 123 6 0.608000
314 123 7 0.682000
315 121 7 0.734000
316 122 6 0.615000
317 122 6 0.590000
318 122 7 0.670000
319 122 7 0.689000
320 122 6 0.567000
321 121 6 0.594000
322 121 7 0.626000
323 122 6 0.592000
324 122 5 0.533000
325 123 7 0.682000
326 123 7 0.692000
327 123 7 0.715000
328 115 6 0.579000
329 115 6 0.568000
330 115 6 0.576000
331 115 7 0.679000
332 116 7 0.671000
333 123 7 0.674000
334 122 7 0.675000
335 122 7 0.636000
336 123 7 0.657000
337 122 6 0.554000
338 122 7 0.652000
339 124 8 0.727000
340 123 6 0.566000
341 123 6 0.566000
342 124 7 0.653000
343 124 7 0.664000
344 124 7 0.650000
345 124 7 0.651000
346 125 7 0.659000
347 124 7 0.700000
348 123 6 0.606000
349 120 6 0.547000
350 118 7 0.676000
351 117 7 0.675000
352 117 7 0.637000
353 117 7 0.663000
354 117 7 0.670000
355 117 6 0.592000
356 119 6 0.581000
357 120 7 0.690000
358 121 7 0.634000
359 121 7 0.640000
360 120 7 0.677000
361 120 7 0.738000
362 121 7 0.729000
363 121 7 0.736000
364 121 7 0.653000
365 120 7 0.648000
366 120 6 0.588000
367 120 7 0.651000
368 120 7 0.668000
369 120 7 0.685000
370 120 7 0.694000
371 120 7 0.680000
372 120 6 0.582000
373 120 6 0.561000
374 121 6 0.582000
375 122 6 0.585000
376 122 7 0.702000
377 122 7 0.655000
378 118 7 0.653000
379 118 7 0.703000
380 118 7 0.660000
381 118 7 0.687000
382 118 6 0.578000
383 118 5 0.496000
384 117 5 0.480000
385 117 6 0.559000
386 117 7 0.615000
387 117 6 0.576000
388 120 7 0.720000
389 120 7 0.660000
390 120 7 0.643000
391 120 7 0.614000
392 120 7 0.643000
393 120 8 0.795000
394 122 7 0.785000
395 122 6 0.627000
396 121 7 0.655000
397 119 7 0.649000
398 118 7 0.693000
399 118 6 0.637000
400 117 6 0.618000
401 118 6 0.640000
402 120 7 0.738000
403 120 7 0.672000
404 121 7 0.700000
405 122 7 0.664000
406 120 7 0.640000
407 122 6 0.592000
408 122 7 0.656000
409 122 7 0.657000
410 123 7 0.683000
411 123 7 0.679000
412 123 6 0.611000
413 123 7 0.672000
414 123 7 0.716000
415 123 7 0.694000
416 123 7 0.691000
417 123 6 0.604000
418 124 6 0.604000
419 124 7 0.710000
420 114 7 0.625000
421 118 7 0.653000
422 118 7 0.666000
423 117 7 0.620000
424 116 7 0.654000
425 116 7 0.641000
426 119 8 0.727000
427 119 6 0.556000
428 119 5 0.478000
429 120 6 0.565000
430 120 7 0.644000
431 117 6 0.585000
432 118 6 0.562000
433 118 6 0.561000
434 118 6 0.574000
435 118 7 0.679000
436 120 7 0.663000
437 120 7 0.661000
438 120 6 0.577000
439 120 5 0.488000
440 121 6 0.565000
441 120 5 0.479000
442 122 7 0.683000
443 122 7 0.685000
444 122 7 0.651000
445 122 7 0.620000
446 121 7 0.658000
447 122 7 0.671000
448 120 7 0.690000
449 122 7 0.694000
450 121 7 0.679000
451 121 7 0.711000
452 121 7 0.654000
453 116 7 0.650000
454 117 7 0.646000
455 116 6 0.547000
456 120 7 0.679000
457 120 7 0.660000
458 120 7 0.651000
459 121 7 0.706000
460 121 7 0.668000
461 121 7 0.696000
462 120 7 0.691000
463 124 7 0.697000
464 123 7 0.711000
465 122 7 0.694000
466 122 7 0.686000
467 123 7 0.697000
468 123 6 0.611000
469 122 7 0.695000
470 123 6 0.598000
471 123 7 0.696000
472 121 7 0.694000
473 121 7 0.694000
474 119 6 0.611000
475 120 7 0.691000
476 119 7 0.698000
477 119 7 0.706000
478 121 7 0.701000
479 121 7 0.703000
480 121 6 0.626000
481 120 6 0.603000
482 122 6 0.589000
483 121 7 0.695000
484 121 7 0.660000
485 121 7 0.694000
486 120 7 0.709000
487 121 7 0.691000
488 119 7 0.657000
489 121 7 0.709000
490 122 6 0.606000
491 123 6 0.596000
492 124 6 0.559000
493 124 5 0.503000
494 125 5 0.489000
495 124 7 0.679000
496 123 7 0.676000
497 120 7 0.705000
498 119 7 0.703000
499 118 7 0.701000
500 117 6 0.604000
501 117 6 0.582000
502 118 7 0.678000
503 114 6 0.591000
504 113 6 0.586000
505 113 5 0.506000
506 113 6 0.588000
507 111 7 0.665000
508 116 7 0.684000
509 116 6 0.607000
510 115 7 0.669000
511 114 6 0.592000
512 114 7 0.652000
513 113 7 0.659000
514 113 6 0.600000
515 110 5 0.470000
516 109 7 0.649000
517 111 7 0.653000
518 113 7 0.647000
519 113 7 0.639000
520 113 7 0.639000
521 113 7 0.631000
522 113 7 0.627000
523 113 7 0.627000
524 113 7 0.635000
525 113 7 0.637000
526 113 7 0.682000
527 112 7 0.644000
528 112 7 0.633000
529 112 7 0.642000
530 111 7 0.640000
531 111 7 0.628000
532 111 6 0.540000
533 111 7 0.625000
534 112 7 0.636000
535 112 7 0.633000
536 113 7 0.660000
537 115 7 0.656000
538 114 7 0.632000
539 114 7 0.653000
540 113 7 0.636000
541 113 7 0.650000
542 113 7 0.636000
543 113 6 0.554000
544 116 7 0.681000
545 116 7 0.695000
546 116 7 0.701000
547 116 7 0.668000
548 116 6 0.580000
549 116 6 0.613000
550 116 5 0.497000
551 109 6 0.616000
552 108 7 0.709000
553 108 7 0.707000
554 107 6 0.607000
555 107 6 0.603000
556 107 6 0.614000
557 107 6 0.618000
558 106 7 0.693000
559 107 7 0.692000
560 110 7 0.688000
561 109 7 0.687000
562 109 7 0.694000
563 110 7 0.688000
564 110 7 0.689000
565 110 6 0.603000
566 114 6 0.602000
567 114 6 0.581000
568 114 6 0.579000
569 112 6 0.582000
570 112 7 0.665000
571 112 6 0.580000
572 112 7 0.673000
573 112 7 0.672000
574 112 7 0.668000
575 112 7 0.662000
576 112 7 0.674000
577 114 7 0.668000
578 113 7 0.738000
579 115 7 0.666000
580 115 7 0.660000
581 116 6 0.547000
582 116 7 0.629000
583 116 7 0.626000
584 116 6 0.544000
585 116 6 0.549000
586 116 7 0.642000
587 116 7 0.661000
588 116 7 0.640000
589 116 8 0.726000
590 116 6 0.595000
591 116 6 0.575000
592 118 7 0.628000
593 120 7 0.593000
594 120 7 0.639000
595 118 7 0.642000
596 118 7 0.647000
597 116 6 0.545000
598 116 7 0.659000
599 115 7 0.637000
600 115 7 0.629000
601 115 7 0.658000
602 115 7 0.662000
603 117 6 0.546000
604 117 7 0.656000
605 116 7 0.623000
606 117 7 0.638000
607 117 7 0.634000
608 116 8 0.763000
609 117 7 0.622000
610 116 7 0.621000
611 115 7 0.604000
612 116 7 0.610000
613 116 7 0.619000
614 124 7 0.602000
615 121 7 0.608000
616 121 7 0.621000
617 122 7 0.610000
618 123 7 0.606000
619 122 7 0.605000
620 122 7 0.604000
621 123 7 0.594000
622 126 7 0.593000
623 127 7 0.585000
624 127 6 0.520000
625 126 7 0.598000
626 128 7 0.601000
627 127 7 0.601000
628 127 6 0.515000
629 127 7 0.600000
630 127 7 0.607000
631 126 7 0.609000
632 124 7 0.611000
633 125 7 0.610000
634 125 7 0.616000
635 125 6 0.494000
636 125 6 0.536000
637 125 7 0.608000
638 125 7 0.604000
639 125 8 0.691000
640 126 7 0.602000
641 123 7 0.605000
642 120 7 0.614000
643 120 6 0.504000
644 121 7 0.577000
645 122 7 0.615000
646 118 6 0.543000
647 118 7 0.619000
648 118 7 0.591000
649 119 7 0.596000
650 119 7 0.587000
651 120 6 0.541000
652 120 6 0.534000
653 121 8 0.697000
654 121 8 0.696000
655 122 7 0.615000
656 124 6 0.532000
657 123 7 0.606000
658 124 7 0.607000
659 124 7 0.606000
660 124 7 0.616000
661 124 7 0.608000
662 124 7 0.610000
663 124 7 0.578000
664 120 7 0.628000
665 125 7 0.620000
666 125 7 0.620000
667 123 7 0.614000
668 122 6 0.535000
669 122 6 0.531000
670 122 6 0.526000
671 121 7 0.619000
672 121 7 0.611000
673 120 6 0.517000
674 120 7 0.623000
675 120 7 0.633000
676 120 7 0.607000
677 120 7 0.633000
678 119 7 0.627000
679 118 7 0.613000
680 125 7 0.598000
681 125 7 0.614000
682 124 7 0.613000
683 124 6 0.529000
684 124 7 0.600000
685 124 6 0.531000
686 124 6 0.537000
687 124 7 0.621000
688 125 7 0.610000
689 122 7 0.607000
690 123 7 0.589000
691 123 7 0.628000
692 123 6 0.518000
693 123 6 0.554000
694 123 5 0.468000
695 123 6 0.514000
696 123 7 0.634000
697 124 7 0.643000
698 125 7 0.652000
699 125 6 0.567000
700 123 7 0.643000
701 123 6 0.548000
702 122 7 0.623000
703 122 7 0.627000
704 123 7 0.626000
705 122 7 0.638000
706 122 7 0.633000
707 121 7 0.626000
708 122 7 0.634000
709 121 7 0.634000
710 118 7 0.617000
711 118 7 0.614000
712 122 7 0.635000
713 121 7 0.599000
714 121 7 0.629000
715 122 7 0.640000
716 121 6 0.523000
717 121 6 0.554000
718 120 6 0.557000
719 120 6 0.529000
720 122 6 0.549000
721 125 7 0.633000
722 125 7 0.637000
723 124 7 0.639000
724 122 6 0.554000
725 124 6 0.552000
726 124 6 0.552000
727 125 7 0.639000
728 125 7 0.647000
729 125 7 0.656000
730 125 6 0.565000
731 115 7 0.628000
732 117 7 0.622000
733 117 7 0.624000
734 117 7 0.625000
735 118 7 0.592000
736 117 7 0.625000
737 117 7 0.625000
738 117 6 0.539000
739 116 6 0.550000
740 116 7 0.625000
741 115 7 0.593000
742 115 7 0.640000
743 115 7 0.635000
744 115 7 0.634000
745 117 6 0.511000
746 119 7 0.629000
747 119 7 0.617000
748 117 6 0.510000
749 118 6 0.517000
750 118 6 0.528000
751 118 7 0.563000
752 119 6 0.491000
753 118 6 0.494000
754 117 6 0.514000
755 117 7 0.605000
756 116 7 0.572000
757 116 7 0.618000
758 116 7 0.622000
759 116 7 0.580000
760 115 7 0.582000
761 116 7 0.608000
762 116 6 0.537000
763 116 7 0.575000
764 116 7 0.606000
765 116 7 0.599000
766 116 7 0.609000
767 115 6 0.512000
768 115 6 0.507000
769 115 5 0.454000
770 115 6 0.535000
771 114 7 0.582000
772 114 7 0.580000
773 114 7 0.578000
774 116 7 0.578000
775 116 7 0.571000
776 116 7 0.620000
777 116 7 0.616000
778 116 6 0.510000
779 115 7 0.592000
780 115 7 0.595000
781 115 7 0.604000
782 115 7 0.596000
783 115 7 0.647000
784 115 7 0.638000
785 116 7 0.582000
786 115 7 0.602000
787 115 7 0.600000
788 115 7 0.600000
789 115 7 0.635000
790 115 7 0.594000
791 114 7 0.596000
792 115 7 0.627000
793 115 7 0.602000
794 117 7 0.619000
795 118 7 0.594000
796 117 7 0.599000
797 117 7 0.602000
798 118 7 0.596000
799 119 7 0.630000
800 119 7 0.631000
801 118 6 0.515000
802 118 7 0.591000
803 120 7 0.625000
804 121 7 0.615000
805 120 7 0.584000
806 120 6 0.528000
807 120 6 0.537000
808 119 7 0.617000
809 119 7 0.620000
810 119 6 0.509000
811 119 7 0.614000
812 118 6 0.540000
813 118 7 0.583000
814 118 7 0.615000
815 118 7 0.608000
816 119 7 0.613000
817 119 7 0.613000
818 120 7 0.619000
819 119 7 0.626000
820 119 7 0.642000
821 119 6 0.540000
822 119 7 0.606000
823 119 7 0.610000
824 119 6 0.540000
825 119 5 0.432000
826 118 5 0.460000
827 118 7 0.588000
828 121 7 0.623000
829 121 7 0.612000
830 121 7 0.613000
831 121 6 0.527000
832 119 5 0.435000
833 118 7 0.600000
834 118 7 0.624000
835 118 7 0.613000
836 118 7 0.653000
837 117 7 0.634000
838 117 6 0.546000
839 117 7 0.596000
840 117 7 0.616000
841 117 7 0.595000
842 118 6 0.547000
843 115 7 0.589000
844 116 7 0.627000
845 116 7 0.592000
846 116 7 0.587000
847 116 7 0.591000
848 116 7 0.587000
849 117 7 0.586000
850 115 6 0.509000
851 117 5 0.428000
852 117 5 0.429000
853 117 5 0.455000
854 117 7 0.623000
855 117 7 0.586000
856 117 7 0.593000
857 120 6 0.538000
858 120 6 0.537000
859 121 6 0.544000
860 121 6 0.538000
861 121 5 0.452000
862 120 6 0.532000
863 120 7 0.619000
864 120 6 0.538000
865 120 6 0.519000
866 120 7 0.625000
867 120 7 0.590000
868 120 7 0.597000
869 123 7 0.608000
870 123 7 0.618000
871 123 7 0.581000
872 122 7 0.618000
873 119 7 0.626000
874 119 7 0.634000
875 117 7 0.593000
876 117 7 0.604000
877 117 6 0.546000
878 118 6 0.531000
879 120 6 0.532000
880 120 6 0.544000
881 120 6 0.536000
882 122 6 0.535000
883 124 7 0.570000
884 123 7 0.601000
885 123 7 0.600000
886 122 7 0.624000
887 122 7 0.617000
888 122 6 0.541000
889 123 7 0.608000
890 123 7 0.616000
891 123 7 0.609000
892 124 6 0.527000
893 124 6 0.528000
894 124 7 0.603000
895 124 7 0.611000
896 124 7 0.620000
897 124 6 0.537000
898 123 7 0.615000
899 123 7 0.603000
900 121 7 0.621000
901 121 7 0.610000
902 121 7 0.620000
903 120 7 0.620000
904 120 7 0.583000
905 119 6 0.513000
906 119 7 0.580000
907 119 6 0.537000
908 119 5 0.451000
909 120 6 0.531000
910 119 6 0.511000
911 119 7 0.585000
912 120 7 0.623000
913 120 6 0.544000
914 120 6 0.543000
915 120 7 0.620000
916 120 7 0.589000
917 119 7 0.596000
918 119 7 0.594000
919 119 7 0.621000
920 119 6 0.517000
921 120 6 0.537000
922 121 7 0.611000
923 121 7 0.624000
924 122 7 0.614000
925 122 6 0.534000
926 123 7 0.573000
927 122 6 0.535000
928 122 5 0.453000
929 123 7 0.572000
930 123 7 0.604000
931 123 7 0.612000
932 123 7 0.602000
933 123 7 0.611000
934 123 6 0.527000
935 123 6 0.525000
936 126 7 0.588000
937 125 7 0.566000
938 125 7 0.588000
939 122 7 0.579000
940 122 7 0.605000
941 122 6 0.524000
942 122 6 0.517000
943 121 7 0.608000
944 121 7 0.578000
945 121 7 0.604000
946 121 7 0.601000
947 123 7 0.586000
948 122 7 0.599000
949 122 7 0.605000
950 122 7 0.601000
951 121 7 0.558000
952 120 7 0.596000
953 116 7 0.612000
954 115 6 0.504000
955 116 6 0.500000
956 117 7 0.578000
957 117 7 0.583000
958 117 7 0.578000
959 115 7 0.628000
960 114 7 0.592000
961 117 7 0.576000
962 115 7 0.591000
963 115 7 0.593000
964 115 7 0.594000
965 116 7 0.622000
966 118 7 0.587000
967 119 7 0.589000
968 119 7 0.590000
969 119 7 0.624000
970 118 7 0.628000
971 116 7 0.598000
972 115 7 0.591000
973 115 6 0.548000
974 115 7 0.603000
975 116 7 0.596000
976 116 7 0.628000
977 117 5 0.440000
978 117 7 0.627000
979 116 7 0.633000
980 117 7 0.589000
981 117 7 0.623000
982 117 7 0.590000
983 117 7 0.619000
984 115 7 0.624000
985 115 7 0.609000
986 114 6 0.566000
987 114 7 0.605000
988 115 7 0.646000
989 114 7 0.616000
990 116 7 0.583000
991 115 6 0.540000
992 114 7 0.586000
993 114 7 0.588000
994 117 7 0.616000
995 115 7 0.613000
996 116 7 0.615000
997 117 7 0.597000
998 110 7 0.613000
999 110 7 0.609000
1000 110 7 0.599000
