#CLOSEST_00001[Frame] CLOSEST_00001[Mol] CLOSEST_00001[Dist] CLOSEST_00001[FirstAtm]
                    1                301              1.8906                     958
                    1                 53              2.0339                     214
                    1                 71              2.3862                     268
                    1                313              2.4528                     994
                    1                290              2.4979                     925
                    1                194              2.5433                     637
                    1                139              2.6146                     472
                    1                191              2.6350                     628
                    1                 96              2.6568                     343
                    1                 83              2.6624                     304
                    1                 69              2.6968                     262
                    1                101              2.7018                     358
                    1                227              2.7152                     736
                    1                365              2.7349                    1150
                    1                262              2.7409                     841
                    1                240              2.7808                     775
                    1                302              2.8512                     961
                    1                336              2.8676                    1063
                    1                216              2.8873                     703
                    1                 42              2.9207                     181
                    1                314              2.9233                     997
                    1                122              2.9603                     421
                    1                257              2.9658                     826
                    1                 62              2.9762                     241
                    1                299              3.0173                     952
                    1                196              3.0412                     643
                    1                 64              3.0720                     247
                    1                 97              3.0802                     346
                    1                  7              3.1366                      76
                    1                 99              3.1896                     352
                    1                  4              3.2155                      67
                    1                363              3.2174                    1144
                    1                259              3.2507                     832
                    1                281              3.2524                     898
                    1                378              3.2625                    1189
                    1                178              3.2974                     589
                    1                111              3.2992                     388
                    1                200              3.3097                     655
                    1                324              3.3429                    1027
                    1                 37              3.3482                     166
                    1                 73              3.3530                     274
                    1                 91              3.3552                     328
                    1                174              3.3961                     577
                    1                266              3.4012                     853
                    1                134              3.4225                     457
                    1                370              3.4252                    1165
                    1                107              3.4783                     376
                    1                 75              3.4903                     280
                    1                181              3.5463                     598
                    1                124              3.6158                     427
                    1                277              3.6417                     886
                    1                218              3.6720                     709
                    1                258              3.7278                     829
                    1                 77              3.7916                     286
                    1                143              3.8051                     484
                    1                 30              3.8467                     145
                    1                165              3.8471                     550
                    1                 38              3.8511                     169
                    1                221              3.8634                     718
                    1                309              3.8678                     982
                    1                135              3.9286                     460
                    1                197              3.9395                     646
                    1                171              3.9722                     568
                    1                296              4.0271                     943
                    1                175              4.0803                     580
                    1                182              4.1395                     601
                    1                151              4.1465                     508
                    1                125              4.1507                     430
                    1                153              4.2106                     514
                    1                231              4.2852                     748
                    1                374              4.3773                    1177
                    1                270              4.3841                     865
                    1                 32              4.3920                     151
                    1                235              4.4456                     760
                    1                269              4.4477                     862
                    1                 58              4.5202                     229
                    1                115              4.5460                     400
                    1                199              4.6279                     652
                    1                 50              4.6370                     205
                    1                 60              4.7338                     235
                    1                  6              4.7363                      73
                    1                307              4.7572                     976
                    1                215              4.8248                     700
                    1                294              4.9090                     937
                    1                376              4.9289                    1183
                    1                364              4.9631                    1147
                    1                345              4.9750                    1090
                    1                154              4.9913                     517
                    1                361              4.9945                    1138
                    1                 47              5.0395                     196
                    1                189              5.0531                     622
                    1                 15              5.0735                     100
                    1                327              5.0791                    1036
                    1                207              5.2390                     676
                    1                242              5.2521                     781
                    1                362              5.2621                    1141
                    1                332              5.2752                    1051
                    1                272              5.3304                     871
                    1                366              5.3352                    1153
                    1                219              5.3774                     712
                    1                 61              5.4348                     238
                    1                217              5.4548                     706
                    1                228              5.4858                     739
                    1                298              5.5226                     949
                    1                335              5.5233                    1060
                    1                176              5.5831                     583
                    1                 55              5.5849                     220
                    1                322              5.6061                    1021
                    1                347              5.6152                    1096
                    1                274              5.6189                     877
                    1                253              5.7011                     814
                    1                225              5.7036                     730
                    1                346              5.7040                    1093
                    1                179              5.7064                     592
                    1                195              5.7215                     640
                    1                 11              5.7423                      88
                    1                136              5.7843                     463
                    1                170              5.8020                     565
                    1                368              5.8448                    1159
                    1                 29              5.8501                     142
                    1                343              5.8556                    1084
                    1                146              5.8819                     493
                    1                 25              5.8888                     130
                    1                 68              5.8896                     259
                    1                328              5.8938                    1039
                    1                  9              5.9500                      82
                    1                 13              5.9729                      94
                    1                340              6.0128                    1075
                    1                 74              6.0240                     277
                    1                117              6.0487                     406
                    1                 20              6.0759                     115
                    1                 40              6.0777                     175
                    1                 12              6.1028                      91
                    1                 22              6.1028                     121
                    1                352              6.1253                    1111
                    1                246              6.1318                     793
                    1                293              6.1573                     934
                    1                 36              6.1613                     163
                    1                286              6.1649                     913
                    1                 90              6.1725                     325
                    1                371              6.1815                    1168
                    1                248              6.1919                     799
                    1                156              6.1986                     523
                    1                 95              6.2393                     340
                    1                252              6.2589                     811
                    1                103              6.2810                     364
                    1                109              6.2964                     382
                    1                104              6.3152                     367
                    1                202              6.3174                     661
                    1                241              6.3354                     778
                    1                342              6.3610                    1081
                    1                 54              6.3796                     217
                    1                129              6.3858                     442
                    1                311              6.3878                     988
                    1                 39              6.4192                     172
                    1                 17              6.4305                     106
                    1                190              6.4798                     625
                    1                265              6.5027                     850
                    1                 46              6.5082                     193
                    1                367              6.5234                    1156
                    1                172              6.5327                     571
                    1                187              6.5529                     616
                    1                289              6.5609                     922
                    1                285              6.6170                     910
                    1                350              6.6495                    1105
                    1                  3              6.7236                      64
                    1                119              6.7251                     412
                    1                 26              6.7321                     133
                    1                316              6.7490                    1003
                    1                341              6.8221                    1078
                    1                144              6.8656                     487
                    1                 14              6.9039                      97
                    1                300              6.9108                     955
                    1                305              6.9169                     970
                    1                113              6.9379                     394
                    1                239              6.9412                     772
                    1                254              6.9465                     817
                    1                282              6.9653                     901
                    1                186              7.0148                     613
                    1                  5              7.0603                      70
                    1                238              7.0863                     769
                    1                 79              7.0954                     292
                    1                212              7.1135                     691
                    1                166              7.1625                     553
                    1                326              7.1909                    1033
                    1                223              7.2192                     724
                    1                310              7.2659                     985
                    1                 66              7.2717                     253
                    1                 35              7.2718                     160
                    1                331              7.3597                    1048
                    1                358              7.4103                    1129
                    1                334              7.4282                    1057
                    1                271              7.4421                     868
                    1                 52              7.5154                     211
                    1                158              7.5172                     529
                    1                210              7.5492                     685
                    1                323              7.5911                    1024
                    1                325              7.6199                    1030
                    1                337              7.6242                    1066
                    1                148              7.6339                     499
                    1                 65              7.7096                     250
                    1                233              7.7742                     754
                    1                209              7.8183                     682
                    1                193              7.8527                     634
                    1                177              7.8667                     586
                    1                283              7.8779                     904
                    1                 19              7.8874                     112
                    1                 48              7.9073                     199
                    1                284              7.9594                     907
                    1                260              7.9680                     835
                    1                249              7.9928                     802
                    1                180              8.0051                     595
                    1                377              8.0399                    1186
                    1                152              8.0594                     511
                    1                140              8.0777                     475
                    1                288              8.0870                     919
                    1                 72              8.1836                     271
                    1                183              8.1908                     604
                    1                106              8.1912                     373
                    1                379              8.2004                    1192
                    1                108              8.2029                     379
                    1                236              8.2358                     763
                    1                 16              8.2612                     103
                    1                203              8.2658                     664
                    1                 70              8.2739                     265
                    1                213              8.2829                     694
                    1                 31              8.3123                     148
                    1                204              8.3173                     667
                    1                245              8.3538                     790
                    1                116              8.3833                     403
                    1                 57              8.4109                     226
                    1                 98              8.4198                     349
                    1                159              8.4350                     532
                    1                373              8.4431                    1174
                    1                137              8.4443                     466
                    1                357              8.4482                    1126
                    1                330              8.4777                    1045
                    1                333              8.5062                    1054
                    1                 87              8.5612                     316
                    1                 41              8.5714                     178
                    1                126              8.5827                     433
                    1                261              8.5884                     838
                    1                128              8.6061                     439
                    1                355              8.6085                    1120
                    1                 82              8.6552                     301
                    1                 67              8.6808                     256
                    1                229              8.6988                     742
                    1                 85              8.7027                     310
                    1                168              8.7226                     559
                    1                 45              8.7226                     190
                    1                306              8.7327                     973
                    1                130              8.7402                     445
                    1                263              8.7467                     844
                    1                237              8.7497                     766
                    1                 89              8.8148                     322
                    1                 86              8.8309                     313
                    1                279              8.8478                     892
                    1                297              8.8715                     946
                    1                 24              8.8728                     127
                    1                 44              8.8837                     187
                    1                 81              8.9058                     298
                    1                 63              8.9418                     244
                    1                120              8.9518                     415
                    1                160              8.9812                     535
                    1                198              8.9884                     649
                    1                138              8.9907                     469
                    1                275              8.9959                     880
                    1                 43              9.0562                     184
                    1                 56              9.0579                     223
                    1                145              9.1028                     490
                    1                222              9.1460                     721
                    1                 80              9.1471                     295
                    1                 51              9.1666                     208
                    1                315              9.2298                    1000
                    1                234              9.2679                     757
                    1                308              9.2794                     979
                    1                243              9.2797                     784
                    1                 27              9.3744                     136
                    1                247              9.3770                     796
                    1                 18              9.3837                     109
                    1                353              9.4341                    1114
                    1                 92              9.4810                     331
                    1                349              9.5303                    1102
                    1                 21              9.7012                     118
                    1                339              9.7226                    1072
                    1                132              9.7288                     451
                    1                232              9.7296                     751
                    1                304              9.7550                     967
                    1                100              9.7629                     355
                    1                226              9.7630                     733
                    1                 93              9.7788                     334
                    1                 23              9.7796                     124
                    1                359              9.7819                    1132
                    1                157              9.8402                     526
                    1                 84              9.8506                     307
                    1                318              9.8927                    1009
                    1                149              9.9446                     502
                    1                344              9.9450                    1087
                    1                 28              9.9941                     139
                    1                338              9.9972                    1069
                    1                127              9.9983                     436
                    1                142             10.0196                     481
                    1                147             10.0597                     496
                    1                214             10.0762                     697
                    1                220             10.1527                     715
                    1                173             10.1709                     574
                    1                287             10.1969                     916
                    1                205             10.2366                     670
                    1                 94             10.2472                     337
                    1                280             10.2993                     895
                    1                312             10.3513                     991
                    1                319             10.3601                    1012
                    1                150             10.3959                     505
                    1                  2             10.4076                      61
                    1                317             10.4907                    1006
                    1                255             10.4948                     820
                    1                133             10.4957                     454
                    1                224             10.5068                     727
                    1                292             10.5068                     931
                    1                375             10.5264                    1180
                    1                110             10.5951                     385
                    1                102             10.6108                     361
                    1                267             10.6441                     856
                    1                211             10.6489                     688
                    1                380             10.6587                    1195
                    1                251             10.6777                     808
                    1                161             10.6802                     538
                    1                276             10.7134                     883
                    1                 10             10.7276                      85
                    1                131             10.7333                     448
                    1                162             10.7368                     541
                    1                321             10.7711                    1018
                    1                188             10.7718                     619
                    1                  8             10.8161                      79
                    1                256             10.8423                     823
                    1                 33             10.8521                     154
                    1                369             10.8703                    1162
                    1                348             10.8799                    1099
                    1                360             10.9114                    1135
                    1                303             10.9326                     964
                    1                 78             10.9973                     289
                    1                329             11.0513                    1042
                    1                192             11.1315                     631
                    1                118             11.1433                     409
                    1                273             11.1440                     874
                    1                372             11.1669                    1171
                    1                244             11.1774                     787
                    1                112             11.2094                     391
                    1                163             11.2282                     544
                    1                 34             11.3517                     157
                    1                185             11.3529                     610
                    1                114             11.4032                     397
                    1                264             11.4047                     847
                    1                230             11.4390                     745
                    1                121             11.5129                     418
                    1                201             11.5215                     658
                    1                351             11.5356                    1108
                    1                141             11.5534                     478
                    1                268             11.5811                     859
                    1                 76             11.5889                     283
                    1                354             11.6303                    1117
                    1                184             11.6465                     607
                    1                167             11.6515                     556
                    1                320             11.7377                    1015
                    1                 49             11.7526                     202
                    1                291             11.8125                     928
                    1                164             11.9713                     547
                    1                169             12.1022                     562
                    1                123             12.4020                     424
                    1                 88             12.4421                     319
                    1                356             12.5326                    1123
                    1                155             12.5831                     520
                    1                250             12.5958                     805
                    1                 59             12.7370                     232
                    1                206             12.7401                     673
                    1                278             12.7570                     889
                    1                105             13.0338                     370
                    1                295             13.1590                     940
                    1                208             13.2228                     679
