# TIME(ps) DENSITY(g/cm^3)
150.500 0.7226
151.000 0.7267
151.500 0.7316
152.000 0.7367
152.500 0.7408
153.000 0.7436
153.500 0.7487
154.000 0.7531
154.500 0.7569
155.000 0.7611
155.500 0.7637
156.000 0.7676
156.500 0.7728
157.000 0.7772
157.500 0.7808
158.000 0.7863
158.500 0.7906
159.000 0.7948
159.500 0.7979
160.000 0.8042
160.500 0.8099
161.000 0.8128
161.500 0.8181
162.000 0.8224
162.500 0.8262
163.000 0.8309
163.500 0.8342
164.000 0.8393
164.500 0.8446
165.000 0.8500
165.500 0.8547
166.000 0.8601
166.500 0.8649
167.000 0.8700
167.500 0.8750
168.000 0.8812
168.500 0.8867
169.000 0.8933
169.500 0.8997
170.000 0.9051
170.500 0.9093
171.000 0.9120
171.500 0.9177
172.000 0.9218
172.500 0.9270
173.000 0.9315
173.500 0.9363
174.000 0.9406
174.500 0.9445
175.000 0.9470
175.500 0.9511
176.000 0.9545
176.500 0.9598
177.000 0.9634
177.500 0.9633
178.000 0.9676
178.500 0.9693
179.000 0.9716
179.500 0.9734
180.000 0.9749
180.500 0.9777
181.000 0.9776
181.500 0.9798
182.000 0.9806
182.500 0.9816
183.000 0.9831
183.500 0.9850
184.000 0.9872
184.500 0.9890
185.000 0.9878
185.500 0.9886
186.000 0.9885
186.500 0.9885
187.000 0.9849
187.500 0.9808
188.000 0.9816
188.500 0.9833
189.000 0.9852
189.500 0.9864
190.000 0.9849
190.500 0.9829
191.000 0.9798
191.500 0.9803
192.000 0.9800
192.500 0.9811
193.000 0.9803
193.500 0.9800
194.000 0.9798
194.500 0.9811
195.000 0.9808
195.500 0.9804
196.000 0.9811
196.500 0.9812
197.000 0.9818
197.500 0.9821
198.000 0.9827
198.500 0.9828
199.000 0.9835
199.500 0.9847
200.000 0.9826
200.500 0.9840
201.000 0.9834
201.500 0.9843
202.000 0.9853
202.500 0.9859
203.000 0.9861
203.500 0.9878
204.000 0.9883
204.500 0.9842
205.000 0.9832
205.500 0.9827
206.000 0.9831
206.500 0.9831
207.000 0.9838
207.500 0.9855
208.000 0.9856
208.500 0.9845
209.000 0.9839
209.500 0.9835
210.000 0.9861
210.500 0.9876
211.000 0.9887
211.500 0.9895
212.000 0.9887
212.500 0.9893
213.000 0.9899
213.500 0.9904
214.000 0.9884
214.500 0.9888
215.000 0.9877
215.500 0.9882
216.000 0.9892
216.500 0.9890
217.000 0.9893
217.500 0.9891
218.000 0.9894
218.500 0.9889
219.000 0.9883
219.500 0.9869
220.000 0.9864
220.500 0.9875
221.000 0.9872
221.500 0.9875
222.000 0.9875
222.500 0.9896
223.000 0.9900
223.500 0.9903
224.000 0.9900
224.500 0.9918
225.000 0.9921
225.500 0.9917
226.000 0.9910
226.500 0.9909
227.000 0.9891
227.500 0.9894
228.000 0.9896
228.500 0.9889
229.000 0.9869
229.500 0.9866
230.000 0.9845
230.500 0.9851
231.000 0.9860
231.500 0.9873
232.000 0.9884
232.500 0.9881
233.000 0.9868
233.500 0.9865
234.000 0.9885
234.500 0.9888
235.000 0.9897
235.500 0.9881
236.000 0.9876
236.500 0.9892
237.000 0.9890
237.500 0.9890
238.000 0.9872
238.500 0.9875
239.000 0.9887
239.500 0.9858
240.000 0.9868
240.500 0.9899
241.000 0.9889
241.500 0.9901
242.000 0.9878
242.500 0.9879
243.000 0.9876
243.500 0.9871
244.000 0.9861
244.500 0.9855
245.000 0.9862
245.500 0.9867
246.000 0.9867
246.500 0.9845
247.000 0.9847
247.500 0.9839
248.000 0.9845
248.500 0.9839
249.000 0.9840
249.500 0.9847
250.000 0.9859
