# TIME(ps) TEMP(K)
0.000 0.00
0.500 37.61
1.000 37.71
1.500 24.76
2.000 16.18
2.500 16.29
3.000 18.20
3.500 19.97
4.000 21.68
4.500 26.47
5.000 25.62
5.500 31.43
6.000 33.07
6.500 36.37
7.000 37.30
7.500 41.41
8.000 47.03
8.500 48.99
9.000 51.07
9.500 52.69
10.000 56.38
10.500 61.13
11.000 65.17
11.500 60.76
12.000 70.02
12.500 74.20
13.000 74.93
13.500 75.50
14.000 78.73
14.500 85.17
15.000 89.09
15.500 92.17
16.000 90.87
16.500 97.34
17.000 97.16
17.500 98.23
18.000 108.92
18.500 111.67
19.000 110.66
19.500 115.47
20.000 129.61
20.500 111.66
21.000 122.04
21.500 128.80
22.000 127.46
22.500 135.47
23.000 129.26
23.500 143.99
24.000 139.01
24.500 148.17
25.000 152.92
25.500 153.02
26.000 154.37
26.500 156.76
27.000 157.91
27.500 168.28
28.000 164.33
28.500 179.67
29.000 186.92
29.500 173.42
30.000 172.30
30.500 176.86
31.000 191.26
31.500 183.30
32.000 190.52
32.500 187.02
33.000 187.46
33.500 191.33
34.000 193.59
34.500 200.50
35.000 217.16
35.500 202.07
36.000 202.22
36.500 209.58
37.000 208.82
37.500 221.74
38.000 217.07
38.500 241.09
39.000 206.23
39.500 236.37
40.000 229.64
40.500 224.68
41.000 237.42
41.500 246.39
42.000 253.05
42.500 245.07
43.000 241.62
43.500 251.20
44.000 244.20
44.500 256.53
45.000 270.07
45.500 257.27
46.000 276.00
46.500 283.33
47.000 278.15
47.500 290.10
48.000 282.63
48.500 271.71
49.000 285.61
49.500 303.22
50.000 331.61
50.500 307.04
51.000 271.21
51.500 306.33
52.000 309.52
52.500 313.26
53.000 298.62
53.500 309.05
54.000 307.19
54.500 296.58
55.000 293.98
55.500 298.44
56.000 298.94
56.500 300.90
57.000 285.42
57.500 304.90
58.000 304.15
58.500 291.19
59.000 288.21
59.500 275.21
60.000 312.10
60.500 296.60
61.000 284.90
61.500 292.75
62.000 278.99
62.500 287.09
63.000 287.42
63.500 287.38
64.000 309.81
64.500 311.63
65.000 298.73
65.500 321.72
66.000 295.64
66.500 297.42
67.000 283.92
67.500 284.95
68.000 294.09
68.500 283.97
69.000 302.70
69.500 324.99
70.000 309.01
70.500 312.59
71.000 301.99
71.500 307.45
72.000 312.66
72.500 321.35
73.000 305.78
73.500 298.01
74.000 299.99
74.500 297.74
75.000 302.16
75.500 293.88
76.000 293.80
76.500 310.16
77.000 302.43
77.500 293.18
78.000 289.29
78.500 310.66
79.000 299.11
79.500 294.75
80.000 305.30
80.500 304.86
81.000 288.53
81.500 304.92
82.000 304.31
82.500 294.33
83.000 297.14
83.500 287.74
84.000 294.05
84.500 298.92
85.000 296.63
85.500 294.12
86.000 311.19
86.500 305.62
87.000 305.49
87.500 294.24
88.000 312.65
88.500 301.07
89.000 298.48
89.500 308.73
90.000 312.67
90.500 293.27
91.000 308.46
91.500 292.46
92.000 299.31
92.500 307.64
93.000 291.66
93.500 289.29
94.000 319.82
94.500 319.04
95.000 309.03
95.500 309.53
96.000 304.99
96.500 301.58
97.000 296.93
97.500 329.12
98.000 292.42
98.500 304.89
99.000 301.81
99.500 304.17
100.000 306.61
100.500 294.31
101.000 309.00
101.500 302.66
102.000 279.16
102.500 308.95
103.000 307.13
103.500 307.85
104.000 300.73
104.500 304.68
105.000 310.13
105.500 286.19
106.000 314.96
106.500 275.78
107.000 300.53
107.500 300.89
108.000 300.25
108.500 314.57
109.000 296.98
109.500 326.06
110.000 287.32
110.500 292.31
111.000 284.27
111.500 310.48
112.000 292.08
112.500 314.16
113.000 294.92
113.500 309.99
114.000 313.35
114.500 295.44
115.000 325.90
115.500 307.34
116.000 299.83
116.500 303.51
117.000 316.89
117.500 312.44
118.000 309.99
118.500 295.02
119.000 297.76
119.500 289.67
120.000 296.08
120.500 313.71
121.000 295.33
121.500 305.45
122.000 302.27
122.500 330.08
123.000 284.23
123.500 304.71
124.000 280.45
124.500 304.14
125.000 297.61
125.500 308.74
126.000 303.05
126.500 316.12
127.000 305.12
127.500 288.44
128.000 303.97
128.500 286.29
129.000 313.66
129.500 312.02
130.000 307.22
130.500 298.45
131.000 303.97
131.500 282.03
132.000 302.65
132.500 291.89
133.000 303.99
133.500 299.69
134.000 291.04
134.500 304.38
135.000 304.83
135.500 315.13
136.000 299.73
136.500 302.70
137.000 296.98
137.500 296.36
138.000 300.33
138.500 325.99
139.000 300.37
139.500 316.03
140.000 301.27
140.500 294.00
141.000 280.02
141.500 291.98
142.000 279.65
142.500 291.66
143.000 302.37
143.500 313.70
144.000 309.20
144.500 295.99
145.000 286.87
145.500 283.73
146.000 298.23
146.500 290.39
147.000 289.43
147.500 301.05
148.000 305.80
148.500 300.88
149.000 291.98
149.500 301.74
150.000 316.36
150.500 307.44
151.000 299.48
151.500 300.10
152.000 296.29
152.500 292.59
153.000 297.61
153.500 299.44
154.000 307.32
154.500 308.80
155.000 284.04
155.500 329.83
156.000 338.34
156.500 303.48
157.000 282.84
157.500 295.19
158.000 283.76
158.500 299.70
159.000 287.04
159.500 280.35
160.000 300.38
160.500 302.39
161.000 298.45
161.500 297.27
162.000 290.50
162.500 291.19
163.000 280.01
163.500 293.81
164.000 307.46
164.500 303.17
165.000 306.16
165.500 305.74
166.000 284.59
166.500 297.68
167.000 321.56
167.500 312.44
168.000 313.24
168.500 294.39
169.000 313.03
169.500 325.49
170.000 315.08
170.500 289.04
171.000 282.62
171.500 289.15
172.000 310.18
172.500 298.60
173.000 295.04
173.500 309.28
174.000 285.58
174.500 302.44
175.000 287.22
175.500 286.30
176.000 291.79
176.500 308.50
177.000 325.20
177.500 314.08
178.000 330.46
178.500 312.98
179.000 302.22
179.500 299.25
180.000 315.68
180.500 297.63
181.000 289.54
181.500 297.19
182.000 304.96
182.500 303.78
183.000 295.91
183.500 293.57
184.000 300.70
184.500 299.28
185.000 311.42
185.500 308.65
186.000 304.40
186.500 293.13
187.000 332.23
187.500 293.46
188.000 292.71
188.500 286.42
189.000 301.86
189.500 301.23
190.000 298.05
190.500 316.65
191.000 308.29
191.500 284.18
192.000 309.05
192.500 283.66
193.000 289.39
193.500 296.44
194.000 292.32
194.500 300.07
195.000 309.34
195.500 311.28
196.000 272.14
196.500 282.44
197.000 317.80
197.500 306.16
198.000 300.70
198.500 300.45
199.000 294.01
199.500 286.83
200.000 296.49
200.500 283.66
201.000 295.05
201.500 304.61
202.000 301.35
202.500 296.80
203.000 299.55
203.500 306.13
204.000 275.24
204.500 276.80
205.000 284.83
205.500 299.97
206.000 296.81
206.500 275.12
207.000 287.70
207.500 285.36
208.000 293.90
208.500 295.80
209.000 292.07
209.500 295.23
210.000 306.46
210.500 315.95
211.000 301.61
211.500 300.15
212.000 322.74
212.500 287.59
213.000 295.81
213.500 301.87
214.000 310.60
214.500 306.49
215.000 296.56
215.500 311.34
216.000 301.12
216.500 317.06
217.000 295.34
217.500 291.11
218.000 297.08
218.500 304.05
219.000 312.19
219.500 310.66
220.000 303.96
220.500 296.39
221.000 304.38
221.500 295.48
222.000 320.95
222.500 321.35
223.000 294.50
223.500 304.03
224.000 315.25
224.500 306.16
225.000 283.91
225.500 282.06
226.000 283.70
226.500 288.85
227.000 301.95
227.500 278.74
228.000 290.82
228.500 295.46
229.000 305.04
229.500 289.20
230.000 304.65
230.500 322.98
231.000 293.68
231.500 300.74
232.000 291.28
232.500 309.11
233.000 297.25
233.500 280.08
234.000 275.75
234.500 296.14
235.000 302.09
235.500 309.41
236.000 289.79
236.500 301.71
237.000 314.66
237.500 290.67
238.000 301.93
238.500 303.29
239.000 291.03
239.500 296.78
240.000 300.12
240.500 296.30
241.000 312.64
241.500 303.88
242.000 315.11
242.500 303.10
243.000 288.83
243.500 296.10
244.000 296.97
244.500 289.35
245.000 293.82
245.500 275.10
246.000 301.43
246.500 294.53
247.000 297.38
247.500 301.82
248.000 313.11
248.500 307.26
249.000 307.09
249.500 300.71
250.000 301.55
