# TIME(ps) DENSITY(g/cm^3)
150.500 0.3988
151.000 0.3972
151.500 0.3975
152.000 0.3971
152.500 0.3973
153.000 0.3961
153.500 0.3952
154.000 0.3944
154.500 0.3922
155.000 0.3898
155.500 0.3873
156.000 0.3858
156.500 0.3854
157.000 0.3864
157.500 0.3850
158.000 0.3855
158.500 0.3846
159.000 0.3843
159.500 0.3851
160.000 0.3844
160.500 0.3846
161.000 0.3850
161.500 0.3858
162.000 0.3853
162.500 0.3850
163.000 0.3854
163.500 0.3864
164.000 0.3879
164.500 0.3882
165.000 0.3883
165.500 0.3879
166.000 0.3870
166.500 0.3877
167.000 0.3870
167.500 0.3856
168.000 0.3852
168.500 0.3859
169.000 0.3847
169.500 0.3851
170.000 0.3843
170.500 0.3850
171.000 0.3832
171.500 0.3815
172.000 0.3810
172.500 0.3814
173.000 0.3821
173.500 0.3821
174.000 0.3818
174.500 0.3807
175.000 0.3809
175.500 0.3808
176.000 0.3814
176.500 0.3802
177.000 0.3794
177.500 0.3770
178.000 0.3744
178.500 0.3749
179.000 0.3744
179.500 0.3719
180.000 0.3699
180.500 0.3694
181.000 0.3682
181.500 0.3664
182.000 0.3657
182.500 0.3650
183.000 0.3636
183.500 0.3616
184.000 0.3611
184.500 0.3603
185.000 0.3597
185.500 0.3581
186.000 0.3572
186.500 0.3559
187.000 0.3547
187.500 0.3529
188.000 0.3511
188.500 0.3494
189.000 0.3467
189.500 0.3440
190.000 0.3423
190.500 0.3410
191.000 0.3390
191.500 0.3378
192.000 0.3371
192.500 0.3367
193.000 0.3345
193.500 0.3332
194.000 0.3297
194.500 0.3281
195.000 0.3267
195.500 0.3251
196.000 0.3236
196.500 0.3214
197.000 0.3190
197.500 0.3167
198.000 0.3147
198.500 0.3135
199.000 0.3122
199.500 0.3108
200.000 0.3088
200.500 0.3065
201.000 0.3038
201.500 0.3018
202.000 0.3007
202.500 0.2992
203.000 0.2970
203.500 0.2958
204.000 0.2942
204.500 0.2924
205.000 0.2907
205.500 0.2888
206.000 0.2866
206.500 0.2845
207.000 0.2825
207.500 0.2813
208.000 0.2789
208.500 0.2766
209.000 0.2740
209.500 0.2717
210.000 0.2703
210.500 0.2681
211.000 0.2655
211.500 0.2638
212.000 0.2624
212.500 0.2603
213.000 0.2580
213.500 0.2556
214.000 0.2531
214.500 0.2507
215.000 0.2483
215.500 0.2465
216.000 0.2442
216.500 0.2417
217.000 0.2401
217.500 0.2381
218.000 0.2358
218.500 0.2337
219.000 0.2318
